PPV_A_e,PPV_A_ne,PPV_B_e,PPV_B_ne,PPV_C_e,PPV_C_ne,RR
0.8,0.813333333333333,0.546666666666667,0.44,1,1,1.29805681920887
0.86,0.846666666666667,0.54,0.406666666666667,0.986666666666667,1,1.40304047135183
0.86,0.846666666666667,0.453333333333333,0.44,1,1,1.11618492858509
0.82,0.82,0.553333333333333,0.446666666666667,1,1,1.30555300813826
0.833333333333333,0.86,0.453333333333333,0.366666666666667,1,1,1.26714882203516
0.853333333333333,0.833333333333333,0.433333333333333,0.313333333333333,1,1,1.4453227774083
0.833333333333333,0.846666666666667,0.48,0.366666666666667,1,1,1.34820738720184
0.853333333333333,0.88,0.473333333333333,0.386666666666667,1,1,1.25752814369209
0.84,0.84,0.393333333333333,0.46,1,0.986666666666667,0.932205815880669
0.866666666666667,0.853333333333333,0.513333333333333,0.366666666666667,1,1,1.4561505666573
0.846666666666667,0.833333333333333,0.486666666666667,0.393333333333333,1,1,1.31085472241974
0.92,0.786666666666667,0.5,0.366666666666667,1,1,1.55906310693684
0.88,0.833333333333333,0.506666666666667,0.34,0.986666666666667,0.986666666666667,1.57234718390769
0.866666666666667,0.833333333333333,0.36,0.46,1,0.986666666666667,0.888428942919927
0.88,0.8,0.46,0.373333333333333,1,0.986666666666667,1.36405112894197
0.833333333333333,0.82,0.46,0.406666666666667,1,1,1.21169871949462
0.806666666666667,0.866666666666667,0.413333333333333,0.34,1,0.986666666666667,1.20064935064935
0.853333333333333,0.853333333333333,0.406666666666667,0.38,1,1,1.14116476939196
0.853333333333333,0.833333333333333,0.426666666666667,0.4,1,1,1.15620280822987
0.853333333333333,0.846666666666667,0.506666666666667,0.406666666666667,0.986666666666667,1,1.32042367051583
0.873333333333333,0.813333333333333,0.46,0.52,1,1,1.00518304741081
0.833333333333333,0.833333333333333,0.406666666666667,0.373333333333333,1,1,1.15839507739008
0.84,0.833333333333333,0.426666666666667,0.506666666666667,1,1,0.928113237693861
0.82,0.82,0.38,0.44,1,1,0.943395886989659
0.893333333333333,0.86,0.42,0.44,1,1,1.06192104161263
0.826666666666667,0.866666666666667,0.466666666666667,0.44,1,0.973333333333333,1.08844233969026
0.913333333333333,0.78,0.486666666666667,0.393333333333333,1,1,1.43178649557859
0.92,0.833333333333333,0.46,0.42,1,1,1.24080531430711
0.866666666666667,0.78,0.46,0.42,0.986666666666667,1,1.25215053243865
0.833333333333333,0.84,0.44,0.326666666666667,1,1,1.38401422406986
0.84,0.833333333333333,0.46,0.3,1,1,1.56424544083934
0.873333333333333,0.853333333333333,0.446666666666667,0.36,1,1,1.31595695333519
0.9,0.86,0.393333333333333,0.386666666666667,1,1,1.12918280081157
0.833333333333333,0.82,0.42,0.44,0.986666666666667,1,1.04987802086987
0.846666666666667,0.86,0.486666666666667,0.473333333333333,1,1,1.09409918890855
0.84,0.786666666666667,0.473333333333333,0.433333333333333,1,1,1.20995776174635
0.846666666666667,0.82,0.5,0.353333333333333,0.986666666666667,1,1.4997302530045
0.9,0.853333333333333,0.473333333333333,0.4,1,0.986666666666667,1.27976922429041
0.88,0.833333333333333,0.46,0.326666666666667,1,1,1.49879093799376
0.846666666666667,0.826666666666667,0.42,0.426666666666667,1,1,1.07731495110064
0.86,0.84,0.473333333333333,0.446666666666667,0.986666666666667,1,1.15681515879868
0.873333333333333,0.806666666666667,0.373333333333333,0.426666666666667,1,1,1.0104122253655
0.913333333333333,0.773333333333333,0.513333333333333,0.46,1,0.986666666666667,1.29627912939715
0.846666666666667,0.88,0.48,0.36,1,0.986666666666667,1.33520141998612
0.886666666666667,0.853333333333333,0.506666666666667,0.38,1,1,1.41491282283021
0.866666666666667,0.806666666666667,0.513333333333333,0.38,1,1,1.46703982460197
0.906666666666667,0.873333333333333,0.426666666666667,0.446666666666667,1,1,1.06311221585915
0.846666666666667,0.84,0.52,0.373333333333333,1,0.986666666666667,1.43673675729474
0.86,0.84,0.5,0.42,1,1,1.27312807881773
0.846666666666667,0.833333333333333,0.4,0.386666666666667,1,1,1.11985224258026
0.84,0.786666666666667,0.493333333333333,0.333333333333333,1,1,1.59030325986601
0.88,0.82,0.513333333333333,0.393333333333333,1,1,1.42007053330463
0.873333333333333,0.88,0.366666666666667,0.366666666666667,1,1,1.07193503478205
0.86,0.86,0.46,0.446666666666667,1,0.986666666666667,1.0987203325782
0.873333333333333,0.853333333333333,0.52,0.426666666666667,0.986666666666667,1,1.30649824561404
0.9,0.826666666666667,0.473333333333333,0.446666666666667,1,0.986666666666667,1.18557849297085
0.86,0.866666666666667,0.513333333333333,0.386666666666667,1,1,1.37127824323361
0.906666666666667,0.833333333333333,0.5,0.426666666666667,1,1,1.30158565475264
0.853333333333333,0.826666666666667,0.533333333333333,0.433333333333333,1,1,1.31877473902409
0.9,0.813333333333333,0.526666666666667,0.44,1,1,1.33813755912391
0.853333333333333,0.826666666666667,0.453333333333333,0.44,1,1,1.12658796942823
0.833333333333333,0.826666666666667,0.48,0.406666666666667,1,1,1.25226545188541
0.846666666666667,0.873333333333333,0.486666666666667,0.386666666666667,1,1,1.28940817499584
0.86,0.806666666666667,0.406666666666667,0.473333333333333,1,1,0.97857808837991
0.88,0.893333333333333,0.426666666666667,0.406666666666667,1,1,1.11242862882117
0.853333333333333,0.866666666666667,0.426666666666667,0.486666666666667,1,0.986666666666667,0.946280511224889
0.866666666666667,0.82,0.473333333333333,0.393333333333333,1,1,1.31094370029417
0.853333333333333,0.846666666666667,0.566666666666667,0.413333333333333,0.986666666666667,0.973333333333333,1.41931145419966
0.84,0.84,0.48,0.466666666666667,1,1,1.10374864596371
0.846666666666667,0.88,0.44,0.393333333333333,1,1,1.15673171954979
0.873333333333333,0.806666666666667,0.433333333333333,0.446666666666667,1,0.986666666666667,1.09359213159381
0.853333333333333,0.846666666666667,0.506666666666667,0.38,1,0.986666666666667,1.38150901884477
0.86,0.753333333333333,0.486666666666667,0.36,1,1,1.53241360988292
0.913333333333333,0.866666666666667,0.506666666666667,0.4,1,1,1.36391433458201
0.886666666666667,0.793333333333333,0.44,0.38,1,1,1.31587254508552
0.853333333333333,0.86,0.4,0.473333333333333,1,0.986666666666667,0.920588509864238
0.86,0.846666666666667,0.446666666666667,0.433333333333333,1,1,1.11665459185651
0.826666666666667,0.833333333333333,0.44,0.446666666666667,1,1,1.05606336348921
0.88,0.846666666666667,0.426666666666667,0.386666666666667,1,1,1.20284203286306
0.846666666666667,0.833333333333333,0.4,0.446666666666667,1,1,0.986760524030436
0.893333333333333,0.8,0.466666666666667,0.486666666666667,0.986666666666667,0.986666666666667,1.10651683243719
0.853333333333333,0.82,0.453333333333333,0.44,1,1,1.13198231827308
0.873333333333333,0.8,0.493333333333333,0.453333333333333,1,1,1.22091815989041
0.866666666666667,0.84,0.453333333333333,0.5,1,0.986666666666667,1.0006823979815
0.88,0.773333333333333,0.5,0.38,1,0.986666666666667,1.47604702545451
0.866666666666667,0.846666666666667,0.386666666666667,0.44,1,1,0.97833085722411
0.773333333333333,0.813333333333333,0.46,0.346666666666667,1,1,1.33936404732325
0.866666666666667,0.786666666666667,0.486666666666667,0.46,1,1,1.19633496529621
0.82,0.853333333333333,0.426666666666667,0.433333333333333,1,1,1.03485397886091
0.886666666666667,0.88,0.446666666666667,0.46,1,0.986666666666667,1.05068279381589
0.866666666666667,0.813333333333333,0.453333333333333,0.386666666666667,1,1,1.28858576504598
0.846666666666667,0.833333333333333,0.52,0.466666666666667,1,1,1.19636734367879
0.833333333333333,0.773333333333333,0.473333333333333,0.406666666666667,1,0.986666666666667,1.28025116297554
0.813333333333333,0.853333333333333,0.46,0.42,1,1,1.13188249378546
0.88,0.813333333333333,0.406666666666667,0.4,1,1,1.150852427401
0.906666666666667,0.833333333333333,0.426666666666667,0.366666666666667,1,1,1.29877360078471
0.853333333333333,0.82,0.433333333333333,0.366666666666667,1,1,1.27810039641594
0.833333333333333,0.806666666666667,0.406666666666667,0.433333333333333,1,1,1.03692654895594
0.873333333333333,0.806666666666667,0.466666666666667,0.46,1,1,1.14257241266324
0.846666666666667,0.84,0.446666666666667,0.42,1,0.986666666666667,1.13420308886922
0.88,0.866666666666667,0.56,0.426666666666667,1,1,1.37906545842345
0.84,0.793333333333333,0.466666666666667,0.426666666666667,1,1,1.20570715468979
0.886666666666667,0.853333333333333,0.473333333333333,0.433333333333333,1,1,1.19128244996627
0.86,0.82,0.393333333333333,0.386666666666667,1,1,1.12801239751377
0.866666666666667,0.766666666666667,0.446666666666667,0.426666666666667,1,1,1.20741175577433
0.88,0.84,0.54,0.373333333333333,1,1,1.52878352849709
0.84,0.813333333333333,0.52,0.406666666666667,1,1,1.36568842921784
0.866666666666667,0.84,0.426666666666667,0.366666666666667,1,1,1.25291368833232
0.86,0.86,0.486666666666667,0.426666666666667,1,0.986666666666667,1.20085297654513
0.873333333333333,0.82,0.453333333333333,0.386666666666667,1,1,1.28792508602848
0.86,0.866666666666667,0.553333333333333,0.366666666666667,1,0.986666666666667,1.52210730272069
0.833333333333333,0.82,0.433333333333333,0.4,1,1,1.16592874396529
0.893333333333333,0.84,0.526666666666667,0.453333333333333,1,0.986666666666667,1.26565954662429
0.9,0.84,0.44,0.44,1,1,1.12566283792172
0.873333333333333,0.82,0.473333333333333,0.42,1,1,1.24292337611338
0.873333333333333,0.906666666666667,0.466666666666667,0.4,1,1,1.20052640370927
0.84,0.86,0.526666666666667,0.42,1,1,1.29680725505247
0.853333333333333,0.893333333333333,0.5,0.493333333333333,1,1,1.06330665922754
0.84,0.84,0.473333333333333,0.48,1,1,1.06318803133399
0.826666666666667,0.866666666666667,0.513333333333333,0.42,1,1,1.24989230688713
0.866666666666667,0.82,0.486666666666667,0.48,1,1,1.12498879067828
0.826666666666667,0.866666666666667,0.44,0.453333333333333,1,1,1.01877013138527
0.853333333333333,0.846666666666667,0.426666666666667,0.373333333333333,1,1,1.21435507848491
0.88,0.766666666666667,0.48,0.426666666666667,1,1,1.29749566143473
0.873333333333333,0.813333333333333,0.486666666666667,0.406666666666667,1,1,1.317035121741
0.833333333333333,0.826666666666667,0.54,0.386666666666667,0.986666666666667,1,1.46403812631795
0.9,0.78,0.44,0.42,0.986666666666667,1,1.23504720916673
0.866666666666667,0.846666666666667,0.473333333333333,0.353333333333333,1,1,1.4071570157261
0.84,0.833333333333333,0.446666666666667,0.406666666666667,1,1,1.17429207074678
0.8,0.86,0.466666666666667,0.46,1,1,1.04422828333245
0.84,0.84,0.466666666666667,0.44,1,1,1.13374990393653
0.866666666666667,0.786666666666667,0.433333333333333,0.426666666666667,1,1,1.15835255215409
0.826666666666667,0.873333333333333,0.453333333333333,0.406666666666667,1,1,1.14308893370767
0.806666666666667,0.84,0.526666666666667,0.34,1,0.986666666666667,1.53229187535732
0.893333333333333,0.86,0.42,0.426666666666667,1,1,1.09056551440649
0.84,0.86,0.453333333333333,0.4,1,1,1.1827141198394
0.866666666666667,0.813333333333333,0.426666666666667,0.46,1,1,1.04728159761624
0.813333333333333,0.866666666666667,0.52,0.393333333333333,1,1,1.32549931239436
0.873333333333333,0.846666666666667,0.5,0.366666666666667,1,1,1.43701086164122
0.853333333333333,0.886666666666667,0.506666666666667,0.393333333333333,1,1,1.31000508457696
0.873333333333333,0.853333333333333,0.473333333333333,0.446666666666667,1,1,1.14949703965304
0.873333333333333,0.88,0.54,0.453333333333333,0.986666666666667,1,1.25808789468179
0.846666666666667,0.853333333333333,0.506666666666667,0.406666666666667,1,1,1.29995213941017
0.84,0.846666666666667,0.54,0.4,1,1,1.39721745467097
0.9,0.773333333333333,0.44,0.44,1,1,1.18143124821621
0.833333333333333,0.873333333333333,0.486666666666667,0.32,1,1,1.49445753753527
0.86,0.833333333333333,0.426666666666667,0.42,1,1,1.11360352471976
0.846666666666667,0.846666666666667,0.48,0.42,1,1,1.21071374226275
0.82,0.84,0.433333333333333,0.34,1,0.986666666666667,1.29596528690587
0.88,0.846666666666667,0.466666666666667,0.4,1,1,1.26162510107741
0.846666666666667,0.8,0.493333333333333,0.38,1,1,1.40507503360145
0.88,0.846666666666667,0.473333333333333,0.413333333333333,1,1,1.2414388721648
0.82,0.88,0.46,0.433333333333333,1,1,1.08654198966785
0.866666666666667,0.86,0.533333333333333,0.42,1,0.973333333333333,1.31709659673501
0.793333333333333,0.84,0.42,0.42,1,1,1.0358210180624
0.813333333333333,0.873333333333333,0.493333333333333,0.433333333333333,1,0.986666666666667,1.15025058077947
0.873333333333333,0.84,0.42,0.38,1,1,1.20488261397169
0.813333333333333,0.853333333333333,0.48,0.38,0.986666666666667,1,1.29063413056528
0.84,0.853333333333333,0.466666666666667,0.426666666666667,1,1,1.15358796992481
0.833333333333333,0.826666666666667,0.486666666666667,0.38,1,1,1.34542779871225
0.866666666666667,0.82,0.48,0.406666666666667,1,1,1.28862121928293
0.846666666666667,0.853333333333333,0.46,0.4,1,1,1.21013156276897
0.833333333333333,0.833333333333333,0.44,0.346666666666667,1,1,1.32371962368637
0.873333333333333,0.846666666666667,0.44,0.4,1,1,1.19338998995352
0.846666666666667,0.8,0.506666666666667,0.433333333333333,1,1,1.27891106107804
0.906666666666667,0.826666666666667,0.493333333333333,0.453333333333333,1,1,1.22529852538919
0.84,0.853333333333333,0.54,0.386666666666667,1,1,1.43113427441532
0.866666666666667,0.82,0.426666666666667,0.38,1,1,1.23486237070765
0.853333333333333,0.846666666666667,0.48,0.526666666666667,1,1,0.996340379044718
0.853333333333333,0.826666666666667,0.473333333333333,0.36,1,1,1.39533846642851
0.866666666666667,0.84,0.486666666666667,0.373333333333333,0.986666666666667,1,1.39191201376717
0.806666666666667,0.86,0.546666666666667,0.42,1,1,1.31291610915751
0.826666666666667,0.793333333333333,0.5,0.473333333333333,1,1,1.15596559412854
0.84,0.78,0.446666666666667,0.426666666666667,1,1,1.17152537206326
0.866666666666667,0.866666666666667,0.38,0.446666666666667,1,1,0.938333543329935
0.84,0.82,0.453333333333333,0.36,1,0.986666666666667,1.32753614267434
0.82,0.84,0.433333333333333,0.426666666666667,1,1,1.07384620990811
0.88,0.806666666666667,0.44,0.453333333333333,1,1,1.1058008811092
0.833333333333333,0.86,0.433333333333333,0.366666666666667,1,1,1.21735713904493
0.88,0.866666666666667,0.453333333333333,0.44,1,1,1.11687060857658
0.86,0.8,0.5,0.44,1,1,1.25788474642266
0.873333333333333,0.826666666666667,0.54,0.38,1,1,1.51565558837175
0.906666666666667,0.84,0.46,0.42,1,1,1.22324302134647
0.86,0.786666666666667,0.413333333333333,0.426666666666667,1,1,1.1062964016049
0.873333333333333,0.88,0.433333333333333,0.406666666666667,1,1,1.13260185839711
0.84,0.86,0.493333333333333,0.44,1,1,1.17471707241722
0.873333333333333,0.846666666666667,0.486666666666667,0.306666666666667,1,1,1.63130033293968
0.826666666666667,0.826666666666667,0.44,0.46,1,0.986666666666667,1.02730491534089
0.873333333333333,0.853333333333333,0.513333333333333,0.433333333333333,1,1,1.26697645343604
0.833333333333333,0.806666666666667,0.433333333333333,0.42,1,1,1.12793480948398
0.833333333333333,0.853333333333333,0.493333333333333,0.38,1,1,1.33305865491752
0.853333333333333,0.84,0.493333333333333,0.393333333333333,1,1,1.32597943341939
0.86,0.84,0.48,0.5,1,1,1.05285162271163
0.88,0.853333333333333,0.48,0.406666666666667,1,1,1.2680339329492
0.853333333333333,0.833333333333333,0.413333333333333,0.453333333333333,1,1,1.00746722663635
0.86,0.806666666666667,0.453333333333333,0.4,1,1,1.25094544291569
0.866666666666667,0.846666666666667,0.5,0.426666666666667,1,1,1.25527218953389
0.86,0.833333333333333,0.473333333333333,0.386666666666667,1,1,1.31047350443838
0.833333333333333,0.82,0.473333333333333,0.413333333333333,1,1,1.22527730850948
0.906666666666667,0.846666666666667,0.486666666666667,0.373333333333333,1,0.986666666666667,1.40339425147899
0.853333333333333,0.886666666666667,0.48,0.446666666666667,0.986666666666667,1,1.1287889274008
0.88,0.82,0.44,0.4,1,1,1.22433611427416
0.84,0.8,0.36,0.44,1,1,0.929670008760829
0.873333333333333,0.853333333333333,0.44,0.4,1,1,1.18732961073871
0.9,0.806666666666667,0.453333333333333,0.48,1,1,1.09292076257314
0.893333333333333,0.873333333333333,0.466666666666667,0.406666666666667,0.986666666666667,1,1.23857970450491
0.886666666666667,0.846666666666667,0.533333333333333,0.426666666666667,1,1,1.34576396506932
0.853333333333333,0.826666666666667,0.526666666666667,0.373333333333333,1,1,1.48635703385
0.913333333333333,0.813333333333333,0.5,0.44,1,1,1.2906416011408
0.853333333333333,0.84,0.406666666666667,0.446666666666667,1,1,1.00180461889094
0.84,0.84,0.426666666666667,0.373333333333333,1,1,1.20827394308084
0.833333333333333,0.84,0.433333333333333,0.393333333333333,1,0.986666666666667,1.15678615361374
0.833333333333333,0.853333333333333,0.5,0.4,1,1,1.29124851075016
0.786666666666667,0.846666666666667,0.44,0.426666666666667,1,1,1.05526191461949
0.853333333333333,0.873333333333333,0.466666666666667,0.38,1,1,1.26669479431385
0.846666666666667,0.813333333333333,0.493333333333333,0.333333333333333,1,1,1.55836931784652
0.88,0.84,0.446666666666667,0.48,1,1,1.04041559692791
0.78,0.8,0.533333333333333,0.4,0.986666666666667,0.986666666666667,1.37605209805247
0.853333333333333,0.86,0.44,0.426666666666667,0.986666666666667,1,1.10854831580848
0.86,0.873333333333333,0.42,0.393333333333333,1,1,1.12799234975108
0.86,0.813333333333333,0.44,0.42,1,1,1.16096127030388
0.846666666666667,0.82,0.486666666666667,0.44,1,1,1.19943912586787
0.826666666666667,0.86,0.473333333333333,0.466666666666667,1,1,1.06530650295967
0.853333333333333,0.82,0.373333333333333,0.406666666666667,1,1,1.02599917898458
0.833333333333333,0.866666666666667,0.48,0.426666666666667,1,1,1.1660937242449
0.88,0.8,0.533333333333333,0.426666666666667,1,0.986666666666667,1.37778587880495
0.86,0.8,0.38,0.4,1,1,1.07993370898243
0.866666666666667,0.813333333333333,0.433333333333333,0.393333333333333,1,1,1.22059913622826
0.88,0.84,0.506666666666667,0.38,1,1,1.42383901344689
0.813333333333333,0.833333333333333,0.46,0.466666666666667,1,1,1.04652825738676
0.88,0.833333333333333,0.453333333333333,0.433333333333333,1,1,1.15886398868203
0.826666666666667,0.84,0.406666666666667,0.393333333333333,1,1,1.09525299675768
0.88,0.8,0.453333333333333,0.413333333333333,1,1,1.23906382759597
0.846666666666667,0.853333333333333,0.42,0.413333333333333,1,0.986666666666667,1.07892506316052
0.86,0.813333333333333,0.493333333333333,0.446666666666667,1,1,1.21461436944917
0.846666666666667,0.873333333333333,0.48,0.413333333333333,1,1,1.20377280707366
0.88,0.873333333333333,0.42,0.42,1,1,1.08367865138152
0.82,0.813333333333333,0.473333333333333,0.46,1,1,1.10828836756907
0.793333333333333,0.853333333333333,0.426666666666667,0.48,1,1,0.926084707193274
0.846666666666667,0.793333333333333,0.48,0.426666666666667,1,1,1.24218734446725
0.893333333333333,0.793333333333333,0.46,0.353333333333333,1,1,1.46553917607794
0.873333333333333,0.873333333333333,0.54,0.413333333333333,1,0.986666666666667,1.35122456617863
0.806666666666667,0.84,0.5,0.433333333333333,1,1,1.19414920174629
0.86,0.86,0.5,0.433333333333333,1,1,1.22122958154535
0.84,0.806666666666667,0.393333333333333,0.44,1,1,0.998919272370608
0.806666666666667,0.813333333333333,0.473333333333333,0.426666666666667,1,1,1.17408547474385
0.853333333333333,0.833333333333333,0.5,0.44,1,1,1.22252745349018
0.84,0.893333333333333,0.426666666666667,0.42,1,1,1.04964807924734
0.866666666666667,0.806666666666667,0.426666666666667,0.406666666666667,1,1,1.17536649523667
0.826666666666667,0.86,0.453333333333333,0.433333333333333,1,1,1.0930243776143
0.826666666666667,0.833333333333333,0.473333333333333,0.393333333333333,1,1,1.26062846176615
0.853333333333333,0.846666666666667,0.433333333333333,0.36,1,1,1.26968534008762
0.833333333333333,0.86,0.426666666666667,0.44,1,0.986666666666667,1.02093674178533
0.866666666666667,0.833333333333333,0.52,0.46,1,1,1.22770260688654
0.82,0.873333333333333,0.426666666666667,0.426666666666667,1,1,1.03397956067609
0.86,0.833333333333333,0.433333333333333,0.413333333333333,1,1,1.14463581395495
0.84,0.773333333333333,0.433333333333333,0.4,1,1,1.21636777374438
0.846666666666667,0.866666666666667,0.486666666666667,0.426666666666667,1,1,1.19169640605234
0.866666666666667,0.853333333333333,0.413333333333333,0.446666666666667,1,1,1.01739601215351
0.886666666666667,0.82,0.48,0.406666666666667,1,1,1.30657637640663
0.86,0.773333333333333,0.466666666666667,0.34,1,1,1.52753593606482
0.866666666666667,0.826666666666667,0.52,0.426666666666667,1,1,1.31853269224479
0.82,0.906666666666667,0.446666666666667,0.433333333333333,1,1,1.03884133546037
0.853333333333333,0.82,0.52,0.393333333333333,1,1,1.41154913875413
0.853333333333333,0.846666666666667,0.453333333333333,0.453333333333333,1,0.986666666666667,1.07543441705366
0.893333333333333,0.846666666666667,0.393333333333333,0.406666666666667,1,1,1.08658779295388
0.873333333333333,0.82,0.433333333333333,0.386666666666667,1,1,1.23879220606048
0.78,0.806666666666667,0.52,0.413333333333333,1,1,1.29932854960952
0.866666666666667,0.826666666666667,0.526666666666667,0.38,1,1,1.47625804845481
0.873333333333333,0.833333333333333,0.446666666666667,0.406666666666667,1,1,1.20391311866561
0.88,0.866666666666667,0.466666666666667,0.36,1,1,1.35818933779255
0.82,0.846666666666667,0.466666666666667,0.426666666666667,1,1,1.1422803661496
0.833333333333333,0.873333333333333,0.48,0.333333333333333,1,1,1.42757357276316
0.86,0.86,0.44,0.46,1,1,1.03655640206715
0.906666666666667,0.82,0.506666666666667,0.42,0.986666666666667,1,1.35612852555189
0.84,0.893333333333333,0.5,0.386666666666667,1,1,1.29482043892003
0.82,0.786666666666667,0.52,0.38,1,1,1.46307914719216
0.806666666666667,0.866666666666667,0.506666666666667,0.366666666666667,1,1,1.36712520611687
0.873333333333333,0.846666666666667,0.46,0.393333333333333,1,1,1.25822515806075
0.853333333333333,0.806666666666667,0.553333333333333,0.406666666666667,1,1,1.4640099890731
0.88,0.833333333333333,0.386666666666667,0.38,1,0.986666666666667,1.12727829409116
0.886666666666667,0.92,0.52,0.386666666666667,1,1,1.35509415100249
0.82,0.813333333333333,0.4,0.433333333333333,1,0.986666666666667,0.999097790598412
0.873333333333333,0.766666666666667,0.413333333333333,0.406666666666667,0.986666666666667,1,1.19528358722782
0.86,0.84,0.48,0.42,1,0.986666666666667,1.22009926469089
0.86,0.813333333333333,0.433333333333333,0.46,1,0.973333333333333,1.04308938130023
0.82,0.82,0.393333333333333,0.426666666666667,0.986666666666667,1,1.00750966827419
0.82,0.853333333333333,0.4,0.433333333333333,1,1,0.977027115244239
0.82,0.86,0.48,0.386666666666667,1,1,1.26270675859194
0.853333333333333,0.833333333333333,0.446666666666667,0.473333333333333,1,1,1.03736570438681
0.873333333333333,0.86,0.393333333333333,0.353333333333333,1,0.986666666666667,1.18353730501567
0.86,0.86,0.5,0.36,1,1,1.43065420690085
0.853333333333333,0.866666666666667,0.386666666666667,0.406666666666667,1,1,1.02064296119719
0.86,0.8,0.453333333333333,0.4,1,1,1.25756711965529
0.873333333333333,0.86,0.5,0.426666666666667,1,1,1.24884290091401
0.853333333333333,0.82,0.42,0.38,1,1,1.20552633405354
0.893333333333333,0.84,0.473333333333333,0.413333333333333,1,1,1.25925139611315
0.873333333333333,0.82,0.386666666666667,0.466666666666667,1,1,0.951243679200647
0.833333333333333,0.873333333333333,0.426666666666667,0.373333333333333,1,1,1.17006757556745
0.873333333333333,0.813333333333333,0.46,0.433333333333333,1,1,1.18501596299192
0.893333333333333,0.813333333333333,0.486666666666667,0.413333333333333,1,1,1.31591835347737
0.846666666666667,0.82,0.426666666666667,0.36,1,1,1.2746142789835
0.873333333333333,0.84,0.48,0.38,1,1,1.35214017364983
0.853333333333333,0.886666666666667,0.433333333333333,0.353333333333333,1,1,1.24753167261907
0.86,0.826666666666667,0.46,0.353333333333333,1,1,1.3895699088036
0.866666666666667,0.806666666666667,0.46,0.433333333333333,1,1,1.18511152646445
0.826666666666667,0.806666666666667,0.426666666666667,0.446666666666667,1,1,1.04711020321209
0.866666666666667,0.84,0.48,0.453333333333333,1,0.986666666666667,1.14676622135402
0.82,0.86,0.466666666666667,0.453333333333333,1,1,1.0734491836613
0.866666666666667,0.873333333333333,0.453333333333333,0.366666666666667,1,1,1.28487291215229
0.82,0.84,0.44,0.426666666666667,1,1,1.08864096007968
0.853333333333333,0.78,0.446666666666667,0.393333333333333,1,1,1.27452408719017
0.866666666666667,0.833333333333333,0.453333333333333,0.48,1,1,1.04814294524458
0.826666666666667,0.86,0.46,0.386666666666667,0.986666666666667,1,1.22950597221182
0.88,0.873333333333333,0.42,0.453333333333333,1,1,1.01496418670757
0.853333333333333,0.82,0.48,0.373333333333333,1,1,1.37636078534691
0.866666666666667,0.793333333333333,0.36,0.453333333333333,1,1,0.931311622852032
0.826666666666667,0.82,0.453333333333333,0.42,1,0.986666666666667,1.14886092138252
0.893333333333333,0.84,0.46,0.393333333333333,1,1,1.28297737328431
0.853333333333333,0.813333333333333,0.466666666666667,0.46,1,1,1.12112580378716
0.88,0.886666666666667,0.44,0.473333333333333,1,1,1.00865797374922
0.853333333333333,0.886666666666667,0.466666666666667,0.406666666666667,1,1,1.18449466357971
0.9,0.84,0.466666666666667,0.373333333333333,1,1,1.36507784953863
0.853333333333333,0.833333333333333,0.466666666666667,0.36,1,1,1.37021771407883
0.86,0.826666666666667,0.473333333333333,0.466666666666667,1,1,1.11574750529523
0.913333333333333,0.813333333333333,0.506666666666667,0.46,1,1,1.25423990489644
0.853333333333333,0.866666666666667,0.413333333333333,0.466666666666667,1,0.986666666666667,0.954633739021124
0.853333333333333,0.833333333333333,0.48,0.406666666666667,1,1,1.26367294628639
0.88,0.833333333333333,0.433333333333333,0.446666666666667,1,1,1.08542407253822
0.846666666666667,0.806666666666667,0.46,0.46,1,1,1.10675069531086
0.886666666666667,0.813333333333333,0.466666666666667,0.4,1,1,1.30077119698431
0.88,0.793333333333333,0.44,0.36,1,1,1.37419754126277
0.893333333333333,0.866666666666667,0.466666666666667,0.4,1,1,1.25431632406795
0.906666666666667,0.82,0.413333333333333,0.4,1,1,1.18504404153249
0.813333333333333,0.866666666666667,0.426666666666667,0.46,0.986666666666667,1,0.975508806407909
0.84,0.806666666666667,0.4,0.386666666666667,1,1,1.13783577144605
0.86,0.873333333333333,0.413333333333333,0.413333333333333,1,1,1.06670240862194
0.826666666666667,0.793333333333333,0.4,0.433333333333333,1,1,1.02632196127902
0.853333333333333,0.826666666666667,0.446666666666667,0.36,0.986666666666667,1,1.33510761946781
0.86,0.84,0.406666666666667,0.373333333333333,1,1,1.17747512429328
0.893333333333333,0.76,0.44,0.426666666666667,1,1,1.22192630042583
0.873333333333333,0.8,0.46,0.413333333333333,0.986666666666667,1,1.25699254186084
0.826666666666667,0.86,0.446666666666667,0.386666666666667,1,1,1.18943575815012
0.893333333333333,0.853333333333333,0.453333333333333,0.42,1,1,1.18512737021612
0.866666666666667,0.826666666666667,0.48,0.34,1,1,1.49796785953686
0.806666666666667,0.826666666666667,0.426666666666667,0.486666666666667,1,1,0.940990801801458
0.846666666666667,0.873333333333333,0.466666666666667,0.486666666666667,1,1,1.02007260472769
0.86,0.893333333333333,0.44,0.36,1,1,1.24456774245679
0.846666666666667,0.82,0.453333333333333,0.333333333333333,1,0.986666666666667,1.42538114720408
0.813333333333333,0.846666666666667,0.48,0.473333333333333,1,1,1.06462129886374
0.8,0.82,0.52,0.386666666666667,1,1,1.38287408522955
0.873333333333333,0.82,0.426666666666667,0.393333333333333,1,1,1.20417460028368
0.86,0.82,0.493333333333333,0.406666666666667,1,1,1.31396765885202
0.86,0.813333333333333,0.486666666666667,0.36,1,0.986666666666667,1.44205260563867
0.893333333333333,0.833333333333333,0.4,0.426666666666667,1,1,1.06722325803279
0.846666666666667,0.806666666666667,0.5,0.406666666666667,1,1,1.33133638506881
0.88,0.853333333333333,0.446666666666667,0.453333333333333,1,1,1.08443359085255
0.893333333333333,0.826666666666667,0.48,0.526666666666667,0.986666666666667,1,1.04333395986474
0.846666666666667,0.766666666666667,0.46,0.4,1,1,1.29566870378882
0.86,0.84,0.42,0.36,1,1,1.24908705839308
0.826666666666667,0.846666666666667,0.406666666666667,0.42,1,1,1.0294130562883
0.813333333333333,0.806666666666667,0.466666666666667,0.413333333333333,1,1,1.20432861898526
0.853333333333333,0.806666666666667,0.473333333333333,0.406666666666667,1,0.986666666666667,1.26528439344777
0.873333333333333,0.82,0.42,0.38,1,1,1.22458611089304
0.866666666666667,0.826666666666667,0.46,0.426666666666667,1,0.986666666666667,1.17636593321337
0.86,0.86,0.446666666666667,0.446666666666667,1,1,1.07744487435813
0.866666666666667,0.866666666666667,0.426666666666667,0.406666666666667,1,1,1.12293073765064
0.84,0.846666666666667,0.426666666666667,0.413333333333333,1,1,1.10079498960828
0.88,0.833333333333333,0.493333333333333,0.406666666666667,1,1,1.31838276717029
0.846666666666667,0.86,0.466666666666667,0.38,1,1,1.27391493557645
0.826666666666667,0.88,0.473333333333333,0.393333333333333,1,0.986666666666667,1.20792141381454
0.846666666666667,0.84,0.52,0.386666666666667,1,1,1.40406038751227
0.873333333333333,0.806666666666667,0.38,0.393333333333333,1,1,1.10290693717905
0.9,0.86,0.493333333333333,0.413333333333333,1,1,1.29137917775351
0.86,0.806666666666667,0.48,0.36,0.986666666666667,1,1.45317652509764
0.886666666666667,0.78,0.446666666666667,0.386666666666667,1,1,1.32679858884717
0.866666666666667,0.886666666666667,0.46,0.433333333333333,1,0.986666666666667,1.11238782966914
0.866666666666667,0.826666666666667,0.54,0.446666666666667,1,1,1.30908734014467
0.84,0.846666666666667,0.426666666666667,0.3,1,1,1.44456539021318
0.833333333333333,0.833333333333333,0.506666666666667,0.333333333333333,1,1,1.55290946307668
0.84,0.82,0.5,0.446666666666667,1,1,1.20676975324894
0.88,0.826666666666667,0.493333333333333,0.346666666666667,0.986666666666667,1,1.53206881340979
0.82,0.86,0.42,0.393333333333333,1,1,1.10371124027898
0.86,0.84,0.446666666666667,0.366666666666667,1,1,1.29708538815316
0.926666666666667,0.846666666666667,0.466666666666667,0.46,1,1,1.15372739199037
0.873333333333333,0.82,0.446666666666667,0.406666666666667,1,1,1.21627754179837
0.866666666666667,0.826666666666667,0.48,0.433333333333333,1,0.986666666666667,1.20436036086574
0.84,0.913333333333333,0.446666666666667,0.46,1,1,0.99877911116044
0.906666666666667,0.88,0.426666666666667,0.36,1,1,1.26927771803005
0.886666666666667,0.826666666666667,0.446666666666667,0.433333333333333,1,0.986666666666667,1.147934518455
0.853333333333333,0.88,0.473333333333333,0.413333333333333,1,1,1.188818424701
0.9,0.806666666666667,0.493333333333333,0.433333333333333,1,1,1.28843834304708
0.846666666666667,0.826666666666667,0.4,0.386666666666667,1,1,1.12583200702609
0.92,0.786666666666667,0.466666666666667,0.386666666666667,1,1,1.40211541517268
0.873333333333333,0.926666666666667,0.466666666666667,0.473333333333333,1,1,1.02952149102004
0.846666666666667,0.86,0.44,0.406666666666667,1,1,1.14150126281925
0.813333333333333,0.786666666666667,0.42,0.406666666666667,0.986666666666667,1,1.13717828556845
0.84,0.84,0.446666666666667,0.413333333333333,1,1,1.15191667655342
0.826666666666667,0.826666666666667,0.473333333333333,0.38,1,1,1.30603025879531
0.873333333333333,0.813333333333333,0.493333333333333,0.353333333333333,1,1,1.50854088013502
0.96,0.76,0.54,0.366666666666667,1,1,1.74586405923112
0.82,0.866666666666667,0.493333333333333,0.42,1,1,1.20014010169451
0.82,0.8,0.506666666666667,0.48,0.986666666666667,1,1.15179384549655
0.866666666666667,0.893333333333333,0.5,0.42,1,0.986666666666667,1.22271719292737
0.86,0.833333333333333,0.486666666666667,0.426666666666667,1,1,1.23209310699432
0.866666666666667,0.873333333333333,0.486666666666667,0.433333333333333,1,1,1.1867551012248
0.826666666666667,0.9,0.46,0.393333333333333,1,1,1.16759925558957
0.866666666666667,0.853333333333333,0.393333333333333,0.466666666666667,1,1,0.938491092222569
0.88,0.82,0.46,0.42,1,1,1.21829073557306
0.86,0.813333333333333,0.486666666666667,0.373333333333333,1,0.986666666666667,1.39708565641933
0.873333333333333,0.82,0.433333333333333,0.46,1,1,1.06186421549559
0.806666666666667,0.866666666666667,0.506666666666667,0.473333333333333,1,1,1.09873033507971
0.88,0.8,0.453333333333333,0.413333333333333,1,1,1.23906382759597
0.866666666666667,0.873333333333333,0.466666666666667,0.406666666666667,1,1,1.2076773953768
0.833333333333333,0.866666666666667,0.42,0.446666666666667,1,1,0.995391529118893
0.826666666666667,0.9,0.393333333333333,0.34,1,1,1.14434299891384
0.806666666666667,0.866666666666667,0.473333333333333,0.446666666666667,1,1,1.08568243168429
0.86,0.833333333333333,0.453333333333333,0.513333333333333,1,1,0.982191997142021
0.886666666666667,0.846666666666667,0.373333333333333,0.4,1,1,1.04957294459946
0.846666666666667,0.846666666666667,0.486666666666667,0.293333333333333,0.986666666666667,1,1.67206710329771
0.813333333333333,0.86,0.466666666666667,0.426666666666667,1,1,1.12578881781838
0.833333333333333,0.853333333333333,0.413333333333333,0.44,1,1,1.00356844464226
0.873333333333333,0.833333333333333,0.526666666666667,0.453333333333333,1,0.986666666666667,1.25541796703944
0.8,0.846666666666667,0.386666666666667,0.4,1,1,1.00337830279437
0.88,0.826666666666667,0.473333333333333,0.413333333333333,1,0.986666666666667,1.25175835741851
0.906666666666667,0.826666666666667,0.546666666666667,0.48,1,1,1.27193873794271
0.846666666666667,0.82,0.48,0.466666666666667,1,1,1.12408536267379
0.866666666666667,0.82,0.44,0.446666666666667,1,1,1.09908007009178
0.886666666666667,0.813333333333333,0.453333333333333,0.373333333333333,1,1,1.34853185531193
0.88,0.833333333333333,0.446666666666667,0.413333333333333,1,1,1.19273165420446
0.846666666666667,0.8,0.453333333333333,0.373333333333333,1,1,1.32434655498997
0.86,0.793333333333333,0.5,0.46,1,1,1.21386614688675
0.886666666666667,0.826666666666667,0.44,0.48,1,1,1.0412782563876
0.846666666666667,0.82,0.486666666666667,0.393333333333333,1,1,1.32471921894575
0.893333333333333,0.773333333333333,0.473333333333333,0.413333333333333,1,0.986666666666667,1.31608990367463
0.873333333333333,0.886666666666667,0.493333333333333,0.426666666666667,1,1,1.21110376864375
0.853333333333333,0.86,0.533333333333333,0.413333333333333,1,1,1.34122050130479
0.866666666666667,0.826666666666667,0.453333333333333,0.393333333333333,1,1,1.25590230426486
0.88,0.806666666666667,0.493333333333333,0.313333333333333,1,0.986666666666667,1.67799624342904
0.886666666666667,0.826666666666667,0.44,0.426666666666667,1,1,1.15637981225264
0.88,0.853333333333333,0.486666666666667,0.393333333333333,1,1,1.32061812433461
0.86,0.853333333333333,0.486666666666667,0.406666666666667,1,1,1.2658018320783
0.826666666666667,0.813333333333333,0.42,0.386666666666667,1,1,1.16851087032443
0.873333333333333,0.88,0.46,0.393333333333333,1,1,1.22646706157792
0.84,0.833333333333333,0.44,0.473333333333333,1,1,1.01344185541585
0.853333333333333,0.86,0.48,0.493333333333333,1,1,1.04715109220367
0.846666666666667,0.826666666666667,0.44,0.433333333333333,1,0.986666666666667,1.09973093343858
0.866666666666667,0.833333333333333,0.446666666666667,0.42,1,1,1.16458489968637
0.833333333333333,0.846666666666667,0.4,0.446666666666667,1,0.986666666666667,0.960838723639599
0.813333333333333,0.886666666666667,0.473333333333333,0.34,1,1,1.35149062161162
0.866666666666667,0.833333333333333,0.486666666666667,0.406666666666667,1,0.986666666666667,1.28230477826309
0.826666666666667,0.866666666666667,0.426666666666667,0.426666666666667,1,1,1.04444325288308
0.886666666666667,0.793333333333333,0.486666666666667,0.386666666666667,1,0.986666666666667,1.40236561951153
0.873333333333333,0.866666666666667,0.46,0.406666666666667,1,1,1.20431896437558
0.886666666666667,0.766666666666667,0.36,0.386666666666667,1,1,1.11922014637476
0.846666666666667,0.82,0.493333333333333,0.38,1,0.986666666666667,1.37208795354506
0.84,0.866666666666667,0.36,0.393333333333333,1,1,0.975897612752424
0.82,0.8,0.426666666666667,0.453333333333333,1,1,1.03258050380757
0.86,0.86,0.48,0.38,1,1,1.31842474921915
0.873333333333333,0.826666666666667,0.553333333333333,0.366666666666667,0.986666666666667,1,1.6065761304767
0.86,0.866666666666667,0.506666666666667,0.386666666666667,0.986666666666667,0.986666666666667,1.35440901086031
0.886666666666667,0.833333333333333,0.486666666666667,0.393333333333333,1,1,1.34744963884584
0.86,0.8,0.473333333333333,0.48,0.986666666666667,1,1.11471391790248
0.853333333333333,0.813333333333333,0.44,0.393333333333333,1,1,1.22442529883573
0.813333333333333,0.846666666666667,0.433333333333333,0.493333333333333,1,1,0.935631077171601
0.833333333333333,0.833333333333333,0.446666666666667,0.386666666666667,0.986666666666667,1,1.2294109104132
0.853333333333333,0.82,0.526666666666667,0.4,1,1,1.40669274682345
0.84,0.866666666666667,0.52,0.426666666666667,1,1,1.25871776081789
0.866666666666667,0.853333333333333,0.466666666666667,0.44,1,1,1.14494756650816
0.82,0.853333333333333,0.613333333333333,0.386666666666667,1,1,1.5882984574287
0.873333333333333,0.833333333333333,0.48,0.386666666666667,1,1,1.33905826817395
0.853333333333333,0.793333333333333,0.44,0.386666666666667,1,1,1.26353156458519
0.853333333333333,0.84,0.453333333333333,0.453333333333333,1,1,1.0869969961324
0.8,0.84,0.433333333333333,0.46,1,1,0.98921088234291
0.846666666666667,0.833333333333333,0.5,0.333333333333333,1,1,1.54856621004566
0.873333333333333,0.833333333333333,0.493333333333333,0.386666666666667,0.986666666666667,1,1.37997980086894
0.82,0.813333333333333,0.5,0.406666666666667,1,1,1.30040077569489
0.866666666666667,0.793333333333333,0.446666666666667,0.366666666666667,1,1,1.35603006536419
0.84,0.913333333333333,0.426666666666667,0.453333333333333,1,1,0.971057586113342
0.9,0.8,0.446666666666667,0.393333333333333,1,1,1.29781893308748
0.866666666666667,0.826666666666667,0.533333333333333,0.386666666666667,1,1,1.47030632124722
0.893333333333333,0.806666666666667,0.433333333333333,0.393333333333333,1,1,1.2520412819217
0.913333333333333,0.853333333333333,0.413333333333333,0.4,1,1,1.16087290180067
0.873333333333333,0.793333333333333,0.486666666666667,0.426666666666667,1,1,1.28090563412306
0.846666666666667,0.833333333333333,0.453333333333333,0.36,1,1,1.32915854410712
0.806666666666667,0.853333333333333,0.426666666666667,0.426666666666667,1,1,1.03768220551378
0.846666666666667,0.82,0.46,0.48,1,1,1.05545309233985
0.873333333333333,0.88,0.42,0.486666666666667,1,1,0.945521757387603
0.826666666666667,0.84,0.446666666666667,0.473333333333333,1,1,1.01214176975716
0.8,0.86,0.506666666666667,0.34,1,1,1.45772886806355
0.913333333333333,0.853333333333333,0.373333333333333,0.466666666666667,1,1,0.934077996825538
0.913333333333333,0.86,0.473333333333333,0.433333333333333,1,1,1.2076522259598
0.86,0.873333333333333,0.473333333333333,0.4,1,1,1.23415197937776
0.826666666666667,0.886666666666667,0.413333333333333,0.386666666666667,1,0.986666666666667,1.08011436912667
0.86,0.766666666666667,0.44,0.353333333333333,1,1,1.41000026699927
0.86,0.86,0.44,0.373333333333333,1,1,1.2402792829367
0.893333333333333,0.826666666666667,0.453333333333333,0.426666666666667,1,1,1.19196676806332
0.88,0.873333333333333,0.426666666666667,0.34,1,1,1.31139918123661
0.94,0.84,0.406666666666667,0.413333333333333,1,1,1.14782043997078
0.86,0.84,0.46,0.466666666666667,1,1,1.07840220911372
0.866666666666667,0.873333333333333,0.426666666666667,0.4,1,0.986666666666667,1.12562680652511
0.866666666666667,0.8,0.46,0.393333333333333,1,0.986666666666667,1.29001307358401
0.893333333333333,0.846666666666667,0.486666666666667,0.46,1,1,1.16874956969685
0.84,0.893333333333333,0.52,0.42,1,1,1.25170035784535
0.86,0.826666666666667,0.446666666666667,0.42,1,1,1.16458026280604
0.86,0.833333333333333,0.406666666666667,0.453333333333333,1,1,0.998759158078633
0.813333333333333,0.826666666666667,0.486666666666667,0.413333333333333,1,1,1.23222537580154
0.866666666666667,0.88,0.36,0.406666666666667,1,1,0.962170247205745
0.88,0.886666666666667,0.473333333333333,0.386666666666667,1,0.986666666666667,1.26623987730774
0.886666666666667,0.86,0.393333333333333,0.353333333333333,1,1,1.20551129168116
0.86,0.833333333333333,0.42,0.3,1,1,1.46656477828951
0.826666666666667,0.846666666666667,0.426666666666667,0.406666666666667,1,0.986666666666667,1.09730462242076
0.873333333333333,0.853333333333333,0.426666666666667,0.453333333333333,0.986666666666667,1,1.04472922443732
0.926666666666667,0.866666666666667,0.52,0.413333333333333,1,0.986666666666667,1.35862246542681
0.84,0.786666666666667,0.513333333333333,0.4,1,1,1.39920805611948
0.813333333333333,0.813333333333333,0.453333333333333,0.433333333333333,1,1,1.11897315611155
0.833333333333333,0.833333333333333,0.506666666666667,0.433333333333333,1,0.986666666666667,1.22905876734822
0.853333333333333,0.866666666666667,0.56,0.433333333333333,1,1,1.33891436409955
0.853333333333333,0.826666666666667,0.433333333333333,0.426666666666667,1,1,1.11290190691133
0.866666666666667,0.826666666666667,0.46,0.42,1,1,1.20066582505716
0.78,0.833333333333333,0.44,0.44,1,1,1.03150085679242
0.866666666666667,0.82,0.48,0.393333333333333,1,1,1.32707695194574
0.86,0.84,0.453333333333333,0.386666666666667,1,0.96,1.22912252739065
0.86,0.846666666666667,0.406666666666667,0.413333333333333,1,1,1.07273580187082
0.846666666666667,0.88,0.413333333333333,0.386666666666667,1,1,1.11095434158939
0.846666666666667,0.826666666666667,0.5,0.4,1,0.986666666666667,1.32094090746941
0.86,0.826666666666667,0.406666666666667,0.426666666666667,1,0.986666666666667,1.05195643961704
0.873333333333333,0.806666666666667,0.466666666666667,0.386666666666667,1,1,1.33501424356208
0.9,0.806666666666667,0.44,0.453333333333333,1,1,1.12225611103744
0.873333333333333,0.853333333333333,0.486666666666667,0.486666666666667,1,1,1.09231013919343
0.86,0.88,0.473333333333333,0.46,1,1,1.09021686800325
0.886666666666667,0.853333333333333,0.513333333333333,0.42,1,1,1.31313784195239
0.86,0.813333333333333,0.42,0.433333333333333,0.986666666666667,1,1.09218627834245
0.886666666666667,0.813333333333333,0.413333333333333,0.5,1,1,0.960098509824136
0.86,0.853333333333333,0.446666666666667,0.346666666666667,1,1,1.34518080078153
0.886666666666667,0.853333333333333,0.446666666666667,0.426666666666667,1,1,1.14881604010025
0.906666666666667,0.793333333333333,0.446666666666667,0.46,1,1,1.1376996020435
0.826666666666667,0.84,0.426666666666667,0.4,1,1,1.12635273910259
0.9,0.813333333333333,0.48,0.426666666666667,1,1,1.26987036956751
0.873333333333333,0.866666666666667,0.48,0.406666666666667,1,1,1.2496854721229
0.82,0.813333333333333,0.413333333333333,0.386666666666667,1,1,1.14575405060125
0.84,0.813333333333333,0.46,0.426666666666667,1,1,1.17273115775522
0.873333333333333,0.813333333333333,0.426666666666667,0.38,0.986666666666667,1,1.25680449545147
0.9,0.813333333333333,0.486666666666667,0.413333333333333,1,1,1.32184794174052
0.913333333333333,0.78,0.466666666666667,0.38,1,0.986666666666667,1.41507030825896
0.893333333333333,0.88,0.473333333333333,0.373333333333333,1,0.986666666666667,1.32249391211587
0.88,0.786666666666667,0.46,0.406666666666667,1,1,1.28662891238631
0.793333333333333,0.82,0.453333333333333,0.426666666666667,0.986666666666667,1,1.1196852739216
0.82,0.78,0.42,0.473333333333333,1,0.986666666666667,0.986425226875699
0.853333333333333,0.833333333333333,0.466666666666667,0.38,1,1,1.30767663739264
0.873333333333333,0.86,0.493333333333333,0.406666666666667,1,1,1.28630592355291
0.846666666666667,0.826666666666667,0.46,0.38,1,1,1.29190797886184
0.873333333333333,0.833333333333333,0.473333333333333,0.386666666666667,1,1,1.3228546183617
0.86,0.846666666666667,0.42,0.38,1,0.986666666666667,1.17761181653851
0.84,0.853333333333333,0.473333333333333,0.44,1,1,1.13741244817166
0.86,0.82,0.426666666666667,0.38,1,1,1.22850911176115
0.866666666666667,0.82,0.48,0.4,1,1,1.30756639944838
0.84,0.893333333333333,0.526666666666667,0.406666666666667,0.986666666666667,1,1.30865219561486
0.86,0.88,0.426666666666667,0.493333333333333,0.986666666666667,1,0.94408617833665
0.813333333333333,0.846666666666667,0.393333333333333,0.36,0.986666666666667,1,1.137304977441
0.84,0.833333333333333,0.413333333333333,0.413333333333333,1,1,1.08125272594345
0.833333333333333,0.84,0.5,0.486666666666667,1,1,1.09789289641125
0.833333333333333,0.833333333333333,0.46,0.406666666666667,0.986666666666667,1,1.20752875374109
0.866666666666667,0.833333333333333,0.52,0.42,1,1,1.33040019224244
0.86,0.84,0.46,0.48,1,0.986666666666667,1.04568452407948
0.886666666666667,0.806666666666667,0.426666666666667,0.466666666666667,1,1,1.05456567065778
0.82,0.793333333333333,0.466666666666667,0.386666666666667,1,0.986666666666667,1.28904323706781
0.82,0.813333333333333,0.526666666666667,0.426666666666667,1,1,1.30631305780415
0.906666666666667,0.846666666666667,0.453333333333333,0.433333333333333,1,0.973333333333333,1.15530233521188
0.753333333333333,0.84,0.433333333333333,0.426666666666667,1,1,1.01732330011195
0.846666666666667,0.813333333333333,0.513333333333333,0.473333333333333,1,1,1.18358441949256
0.866666666666667,0.826666666666667,0.533333333333333,0.4,0.986666666666667,1,1.43560714254802
0.86,0.86,0.486666666666667,0.446666666666667,1,1,1.16153790831811
0.873333333333333,0.846666666666667,0.48,0.38,1,0.986666666666667,1.33539267768202
0.886666666666667,0.78,0.5,0.52,1,0.986666666666667,1.10733272363943
0.806666666666667,0.86,0.413333333333333,0.346666666666667,1,1,1.19734071362676
0.86,0.826666666666667,0.446666666666667,0.4,1,1,1.21567863727247
0.886666666666667,0.86,0.473333333333333,0.48,1,1,1.08462719564855
0.846666666666667,0.86,0.386666666666667,0.473333333333333,1,1,0.894229918945554
0.853333333333333,0.8,0.46,0.38,1,1,1.32700399978717
0.866666666666667,0.846666666666667,0.513333333333333,0.386666666666667,1,1,1.39902435385657
0.886666666666667,0.773333333333333,0.433333333333333,0.393333333333333,1,1,1.28001944022246
0.873333333333333,0.833333333333333,0.473333333333333,0.446666666666667,1,1,1.16563656060824
0.893333333333333,0.813333333333333,0.413333333333333,0.366666666666667,1,1,1.27311791399281
0.84,0.853333333333333,0.486666666666667,0.446666666666667,1,1,1.15076094307233
0.833333333333333,0.76,0.5,0.42,0.986666666666667,1,1.33697164819153
0.893333333333333,0.846666666666667,0.42,0.48,1,1,0.99292457757757
0.886666666666667,0.813333333333333,0.473333333333333,0.413333333333333,1,1,1.27894762550997
0.873333333333333,0.793333333333333,0.406666666666667,0.453333333333333,1,1,1.03830322285719
0.873333333333333,0.86,0.473333333333333,0.426666666666667,1,0.986666666666667,1.18294483113464
0.873333333333333,0.873333333333333,0.486666666666667,0.406666666666667,1,0.986666666666667,1.25031527076466
0.826666666666667,0.76,0.393333333333333,0.34,1,1,1.2968999273876
0.886666666666667,0.82,0.513333333333333,0.413333333333333,1,0.986666666666667,1.35594031404492
0.866666666666667,0.786666666666667,0.453333333333333,0.426666666666667,1,1,1.20452827009552
0.826666666666667,0.86,0.526666666666667,0.386666666666667,0.986666666666667,1,1.38817151423767
0.84,0.833333333333333,0.513333333333333,0.413333333333333,1,1,1.31056144237316
0.88,0.873333333333333,0.46,0.38,1,1,1.27511128409251
0.88,0.84,0.473333333333333,0.433333333333333,1,0.986666666666667,1.189488891182
0.826666666666667,0.78,0.453333333333333,0.393333333333333,1,1,1.26572344788984
0.886666666666667,0.866666666666667,0.406666666666667,0.326666666666667,1,1,1.315718278479
0.906666666666667,0.82,0.486666666666667,0.4,1,1,1.35990072574181
0.826666666666667,0.786666666666667,0.54,0.533333333333333,1,1,1.11530709045029
0.84,0.86,0.42,0.38,1,1,1.15504288476475
0.846666666666667,0.826666666666667,0.446666666666667,0.433333333333333,0.986666666666667,1,1.12931943612669
0.906666666666667,0.82,0.46,0.38,1,1,1.35612951819223
0.84,0.86,0.493333333333333,0.466666666666667,1,1,1.11608742485456
0.9,0.8,0.4,0.366666666666667,1,1,1.25944764838629
0.86,0.813333333333333,0.453333333333333,0.373333333333333,1,1,1.3225781712971
0.886666666666667,0.806666666666667,0.38,0.473333333333333,1,1,0.944449640039714
0.846666666666667,0.826666666666667,0.44,0.386666666666667,1,1,1.22357304943671
0.906666666666667,0.806666666666667,0.56,0.44,1,1,1.42398529160978
0.866666666666667,0.82,0.433333333333333,0.453333333333333,1,1,1.07039879643875
0.84,0.833333333333333,0.46,0.426666666666667,1,1,1.15558620605476
0.86,0.853333333333333,0.42,0.446666666666667,1,1,1.02609690825333
0.866666666666667,0.793333333333333,0.48,0.44,1,1,1.2250368599688
0.88,0.806666666666667,0.5,0.453333333333333,1,1,1.23501451325347
0.84,0.826666666666667,0.406666666666667,0.34,1,1,1.26981991074032
0.82,0.846666666666667,0.486666666666667,0.413333333333333,1,1,1.21966752720641
0.866666666666667,0.8,0.446666666666667,0.366666666666667,1,0.986666666666667,1.33802886996666
0.8,0.813333333333333,0.5,0.36,1,1,1.4279236156598
0.866666666666667,0.84,0.466666666666667,0.393333333333333,1,1,1.27458905955268
0.86,0.873333333333333,0.373333333333333,0.466666666666667,1,1,0.88092290716856
0.833333333333333,0.8,0.466666666666667,0.44,1,1,1.16113436516435
0.9,0.866666666666667,0.433333333333333,0.4,1,1,1.18349230333365
0.866666666666667,0.786666666666667,0.4,0.386666666666667,1,1,1.18238489686603
0.853333333333333,0.82,0.513333333333333,0.46,1,1,1.21423638625154
0.853333333333333,0.88,0.44,0.426666666666667,0.986666666666667,1,1.09287630918376
0.88,0.84,0.46,0.393333333333333,1,1,1.27084256917099
0.833333333333333,0.84,0.406666666666667,0.346666666666667,1,1,1.22753245117488
0.873333333333333,0.853333333333333,0.506666666666667,0.453333333333333,1,0.986666666666667,1.19691791180207
0.853333333333333,0.813333333333333,0.453333333333333,0.46,1,1,1.0929189535521
0.893333333333333,0.826666666666667,0.373333333333333,0.32,0.986666666666667,1,1.31019568321156
0.9,0.833333333333333,0.44,0.386666666666667,1,1,1.26659859714707
0.866666666666667,0.793333333333333,0.44,0.433333333333333,1,1,1.15154163812547
0.82,0.873333333333333,0.426666666666667,0.413333333333333,1,1,1.0623646349599
0.786666666666667,0.82,0.466666666666667,0.4,1,1,1.20289774686152
0.893333333333333,0.806666666666667,0.4,0.386666666666667,1,1,1.18843524701112
0.84,0.826666666666667,0.446666666666667,0.426666666666667,1,1,1.13136591109803
0.853333333333333,0.82,0.44,0.46,1,1,1.0598126083553
0.893333333333333,0.886666666666667,0.526666666666667,0.413333333333333,1,1,1.33436710280073
0.913333333333333,0.84,0.493333333333333,0.393333333333333,1,1,1.38058605192931
0.82,0.846666666666667,0.473333333333333,0.453333333333333,1,1,1.0972381042453
0.773333333333333,0.873333333333333,0.446666666666667,0.413333333333333,0.986666666666667,0.986666666666667,1.06804243938708
0.866666666666667,0.846666666666667,0.406666666666667,0.426666666666667,0.986666666666667,1,1.05688172465446
0.873333333333333,0.846666666666667,0.453333333333333,0.446666666666667,1,1,1.11239055303442
0.813333333333333,0.84,0.506666666666667,0.4,1,1,1.30221042870024
0.86,0.826666666666667,0.446666666666667,0.4,1,1,1.21567863727247
0.846666666666667,0.846666666666667,0.406666666666667,0.5,1,1,0.897790183519113
0.886666666666667,0.773333333333333,0.486666666666667,0.433333333333333,1,0.986666666666667,1.28512466430124
0.86,0.84,0.42,0.353333333333333,1,1,1.26920712089798
0.866666666666667,0.78,0.5,0.413333333333333,1,1,1.3577797318044
0.893333333333333,0.84,0.42,0.393333333333333,1,1,1.18768960631427
0.88,0.813333333333333,0.386666666666667,0.46,1,1,0.973437391445312
0.866666666666667,0.793333333333333,0.46,0.44,1,1,1.18035860393696
0.846666666666667,0.813333333333333,0.38,0.433333333333333,1,1,0.98371937711754
0.82,0.86,0.493333333333333,0.453333333333333,1,1,1.12879379531468
0.793333333333333,0.84,0.506666666666667,0.38,1,1,1.34257555200315
0.893333333333333,0.866666666666667,0.433333333333333,0.413333333333333,1,0.986666666666667,1.13770277092385
0.873333333333333,0.813333333333333,0.48,0.433333333333333,1,1,1.22965532968465
0.826666666666667,0.833333333333333,0.46,0.38,1,1,1.26608748892798
0.913333333333333,0.84,0.46,0.366666666666667,1,1,1.38239966014665
0.846666666666667,0.833333333333333,0.466666666666667,0.386666666666667,1,1,1.2818887407028
0.893333333333333,0.826666666666667,0.473333333333333,0.34,1,1,1.5075865746659
0.88,0.82,0.52,0.486666666666667,1,1,1.18802746877988
0.86,0.833333333333333,0.46,0.38,1,1,1.29751120145053
0.84,0.866666666666667,0.453333333333333,0.426666666666667,1,1,1.11358558687376
0.826666666666667,0.833333333333333,0.453333333333333,0.506666666666667,0.986666666666667,1,0.976112832575045
0.886666666666667,0.853333333333333,0.406666666666667,0.346666666666667,1,1,1.2669319656548
0.88,0.82,0.46,0.42,0.986666666666667,1,1.22629051057939
0.866666666666667,0.8,0.486666666666667,0.38,1,1,1.40754569450324
0.826666666666667,0.833333333333333,0.486666666666667,0.446666666666667,0.986666666666667,0.986666666666667,1.15626841459946
0.873333333333333,0.813333333333333,0.453333333333333,0.353333333333333,1,1,1.40160184182544
0.853333333333333,0.786666666666667,0.48,0.373333333333333,1,1,1.415544194161
0.893333333333333,0.826666666666667,0.4,0.406666666666667,0.986666666666667,1,1.12701672670194
0.88,0.833333333333333,0.413333333333333,0.46,1,1,1.01576352148105
0.833333333333333,0.826666666666667,0.453333333333333,0.346666666666667,1,0.986666666666667,1.35664995404434
0.813333333333333,0.86,0.413333333333333,0.36,1,1,1.16644812486521
0.88,0.786666666666667,0.46,0.446666666666667,1,1,1.18123424471592
0.866666666666667,0.806666666666667,0.46,0.373333333333333,1,1,1.35358527913028
0.853333333333333,0.826666666666667,0.44,0.366666666666667,1,1,1.28801387692401
0.806666666666667,0.82,0.473333333333333,0.46,0.986666666666667,0.986666666666667,1.09310608497757
0.88,0.84,0.46,0.373333333333333,1,1,1.32942323824073
0.86,0.84,0.533333333333333,0.453333333333333,1,1,1.26068004491406
0.86,0.873333333333333,0.393333333333333,0.44,1,1,0.968978033687262
0.846666666666667,0.82,0.44,0.413333333333333,1,1,1.15986641437113
0.846666666666667,0.813333333333333,0.446666666666667,0.406666666666667,1,1,1.19849170437406
0.873333333333333,0.853333333333333,0.473333333333333,0.46,1,0.986666666666667,1.11361434696342
0.833333333333333,0.84,0.466666666666667,0.42,1,1,1.1752052545156
0.866666666666667,0.84,0.38,0.38,1,1,1.10045987202393
0.866666666666667,0.82,0.433333333333333,0.413333333333333,1,1,1.1621231282534
0.846666666666667,0.846666666666667,0.42,0.406666666666667,1,1,1.10693742090311
0.853333333333333,0.84,0.506666666666667,0.433333333333333,1,1,1.2477761933863
0.873333333333333,0.82,0.413333333333333,0.32,1,1,1.40202863756954
0.853333333333333,0.813333333333333,0.52,0.38,1,1,1.46294364212106
0.9,0.88,0.453333333333333,0.393333333333333,1,1,1.23460130611522
0.86,0.826666666666667,0.473333333333333,0.32,1,0.986666666666667,1.5382349113812
0.86,0.806666666666667,0.453333333333333,0.393333333333333,1,1,1.26981067033478
0.873333333333333,0.873333333333333,0.5,0.44,1,1,1.20482544669456
0.873333333333333,0.86,0.5,0.373333333333333,1,1,1.39988614847447
0.86,0.893333333333333,0.453333333333333,0.346666666666667,1,0.973333333333333,1.29807698887158
0.826666666666667,0.806666666666667,0.426666666666667,0.346666666666667,1,0.986666666666667,1.30152606108451
0.88,0.82,0.44,0.32,1,1,1.48660758500747
0.84,0.853333333333333,0.426666666666667,0.473333333333333,1,1,0.973338241191951
0.866666666666667,0.853333333333333,0.44,0.38,1,1,1.23447568542233
0.78,0.826666666666667,0.433333333333333,0.446666666666667,1,1,1.00832081971557
0.9,0.866666666666667,0.46,0.4,1,1,1.24483898385117
0.88,0.833333333333333,0.486666666666667,0.36,1,1,1.44826976214315
0.86,0.833333333333333,0.466666666666667,0.433333333333333,1,1,1.1713860000301
0.846666666666667,0.793333333333333,0.453333333333333,0.466666666666667,1,0.986666666666667,1.08173041392608
0.853333333333333,0.853333333333333,0.393333333333333,0.42,1,1,1.01739259457998
0.846666666666667,0.78,0.413333333333333,0.46,1,1,1.02664094532833
0.853333333333333,0.82,0.466666666666667,0.386666666666667,1,1,1.30190926642441
0.853333333333333,0.826666666666667,0.513333333333333,0.433333333333333,1,1,1.27456661968395
0.826666666666667,0.82,0.46,0.4,0.986666666666667,1,1.2317925594335
0.833333333333333,0.873333333333333,0.46,0.426666666666667,1,0.986666666666667,1.11020392129905
0.9,0.833333333333333,0.52,0.38,1,1,1.48327126249717
0.806666666666667,0.866666666666667,0.493333333333333,0.44,1,1,1.14227583312543
0.84,0.806666666666667,0.366666666666667,0.38,1,1,1.07146480593832
0.873333333333333,0.9,0.533333333333333,0.393333333333333,0.986666666666667,0.986666666666667,1.3738739342523
0.813333333333333,0.8,0.526666666666667,0.426666666666667,1,1,1.31354126267239
0.826666666666667,0.833333333333333,0.366666666666667,0.366666666666667,1,1,1.06829180523875
0.853333333333333,0.846666666666667,0.426666666666667,0.453333333333333,1,1,1.02617070810418
0.84,0.773333333333333,0.46,0.433333333333333,1,1,1.19145990775291
0.853333333333333,0.82,0.48,0.406666666666667,1,1,1.2766511145338
0.793333333333333,0.826666666666667,0.513333333333333,0.373333333333333,1,1,1.39501167558424
0.933333333333333,0.84,0.553333333333333,0.393333333333333,1,0.973333333333333,1.52053256061178
0.866666666666667,0.806666666666667,0.48,0.366666666666667,1,1,1.42736622656271
0.846666666666667,0.846666666666667,0.486666666666667,0.393333333333333,1,0.973333333333333,1.27954044115687
0.893333333333333,0.9,0.46,0.42,1,1,1.16043041948111
0.826666666666667,0.853333333333333,0.473333333333333,0.42,1,1,1.17294015540935
0.86,0.873333333333333,0.453333333333333,0.366666666666667,0.986666666666667,1,1.28722741013086
0.873333333333333,0.826666666666667,0.473333333333333,0.366666666666667,1,1,1.39287523608747
0.826666666666667,0.753333333333333,0.373333333333333,0.386666666666667,1,1,1.10702440537721
0.846666666666667,0.846666666666667,0.46,0.466666666666667,0.986666666666667,1,1.07034252577488
0.853333333333333,0.84,0.513333333333333,0.346666666666667,1,1,1.53104146532284
0.866666666666667,0.853333333333333,0.48,0.473333333333333,1,1,1.10085466328977
0.873333333333333,0.826666666666667,0.406666666666667,0.453333333333333,1,1,1.01421143578895
0.866666666666667,0.813333333333333,0.52,0.353333333333333,1,1,1.5730242812686
0.846666666666667,0.84,0.453333333333333,0.413333333333333,1,1,1.17293902893383
0.873333333333333,0.8,0.393333333333333,0.506666666666667,1,0.986666666666667,0.902507536797304
0.826666666666667,0.853333333333333,0.48,0.4,1,1,1.23885235545267
0.86,0.833333333333333,0.466666666666667,0.42,1,1,1.20404822975034
0.873333333333333,0.873333333333333,0.493333333333333,0.453333333333333,1,1,1.16055518811946
0.846666666666667,0.82,0.42,0.386666666666667,1,1,1.18100885552706
0.853333333333333,0.846666666666667,0.5,0.38,1,1,1.37509784730365
0.873333333333333,0.86,0.4,0.366666666666667,1,1,1.17241653409097
0.84,0.806666666666667,0.426666666666667,0.386666666666667,1,1,1.20405729140119
0.826666666666667,0.84,0.446666666666667,0.426666666666667,1,1,1.10908800123087
0.82,0.78,0.48,0.426666666666667,1,0.986666666666667,1.22284540443708
0.886666666666667,0.846666666666667,0.533333333333333,0.386666666666667,0.986666666666667,1,1.47392554417996
0.866666666666667,0.793333333333333,0.486666666666667,0.486666666666667,1,0.986666666666667,1.12419269161305
0.873333333333333,0.853333333333333,0.386666666666667,0.42,1,1,1.01956336599653
0.866666666666667,0.826666666666667,0.5,0.386666666666667,0.986666666666667,1,1.39741514977241
0.873333333333333,0.873333333333333,0.473333333333333,0.426666666666667,1,1,1.1792388965809
0.873333333333333,0.826666666666667,0.533333333333333,0.393333333333333,1,1,1.4546141295158
0.846666666666667,0.866666666666667,0.38,0.44,1,1,0.934400136154675
0.813333333333333,0.853333333333333,0.473333333333333,0.386666666666667,1,1,1.24726536242132
0.9,0.88,0.44,0.473333333333333,1,1,1.02808087897849
0.86,0.806666666666667,0.446666666666667,0.433333333333333,1,1,1.1494934428393
0.806666666666667,0.78,0.426666666666667,0.44,1,1,1.06508615145575
0.833333333333333,0.773333333333333,0.486666666666667,0.42,1,0.986666666666667,1.27448327905825
0.84,0.82,0.546666666666667,0.433333333333333,0.986666666666667,1,1.35125721458509
0.846666666666667,0.826666666666667,0.513333333333333,0.413333333333333,1,1,1.32303164091244
0.873333333333333,0.853333333333333,0.52,0.433333333333333,1,1,1.28143316934021
0.86,0.84,0.48,0.333333333333333,1,1,1.49835851282013
0.86,0.833333333333333,0.533333333333333,0.38,1,1,1.47846316436335
0.866666666666667,0.846666666666667,0.446666666666667,0.453333333333333,1,1,1.07872802429544
0.846666666666667,0.853333333333333,0.426666666666667,0.373333333333333,1,1,1.20153459357108
0.86,0.826666666666667,0.52,0.44,1,1,1.2775211563481
0.853333333333333,0.826666666666667,0.44,0.393333333333333,1,1,1.21154306469641
0.833333333333333,0.853333333333333,0.426666666666667,0.34,1,0.986666666666667,1.27680764280143
0.793333333333333,0.853333333333333,0.42,0.366666666666667,1,1,1.15238662857743
0.88,0.813333333333333,0.433333333333333,0.36,1,1,1.33296863865716
0.886666666666667,0.78,0.46,0.413333333333333,1,1,1.28047872925799
0.906666666666667,0.8,0.493333333333333,0.4,1,1,1.39764445917578
0.893333333333333,0.826666666666667,0.413333333333333,0.413333333333333,1,1,1.13365710080942
0.886666666666667,0.846666666666667,0.466666666666667,0.433333333333333,0.986666666666667,1,1.19006148711971
0.853333333333333,0.853333333333333,0.413333333333333,0.44,1,1,1.01991926101181
0.84,0.886666666666667,0.446666666666667,0.433333333333333,1,1,1.06945398575615
0.86,0.88,0.42,0.406666666666667,1,1,1.09121308049298
0.846666666666667,0.853333333333333,0.466666666666667,0.326666666666667,1,1,1.45494444654159
0.873333333333333,0.853333333333333,0.426666666666667,0.406666666666667,1,1,1.14000999011438
0.833333333333333,0.846666666666667,0.446666666666667,0.386666666666667,1,1,1.2080636155511
0.913333333333333,0.84,0.446666666666667,0.466666666666667,1,1,1.09284526288416
0.86,0.826666666666667,0.52,0.346666666666667,1,1,1.57376856344655
0.82,0.826666666666667,0.453333333333333,0.34,1,1,1.37642318359536
0.84,0.853333333333333,0.446666666666667,0.413333333333333,1,1,1.14054308042339
0.866666666666667,0.846666666666667,0.52,0.4,1,1,1.37429911669794
0.806666666666667,0.84,0.466666666666667,0.433333333333333,1,1,1.12117399414441
0.86,0.826666666666667,0.42,0.453333333333333,1,1,1.03170839435572
0.8,0.786666666666667,0.433333333333333,0.4,1,1,1.16593971310459
0.873333333333333,0.866666666666667,0.426666666666667,0.406666666666667,1,1,1.12870811813005
0.893333333333333,0.866666666666667,0.46,0.34,1,0.986666666666667,1.40942513368984
0.866666666666667,0.806666666666667,0.5,0.406666666666667,1,1,1.34947785867368
0.88,0.793333333333333,0.453333333333333,0.42,0.986666666666667,1,1.23573357651433
0.866666666666667,0.873333333333333,0.426666666666667,0.313333333333333,1,1,1.38778902574843
0.853333333333333,0.786666666666667,0.426666666666667,0.446666666666667,1,1,1.08486846357702
0.86,0.84,0.493333333333333,0.373333333333333,1,1,1.39344877207101
0.84,0.826666666666667,0.473333333333333,0.313333333333333,1,1,1.55681135024648
0.846666666666667,0.873333333333333,0.513333333333333,0.38,1,0.986666666666667,1.36262408529555
0.873333333333333,0.873333333333333,0.42,0.453333333333333,1,1,1.00972564250501
0.833333333333333,0.866666666666667,0.406666666666667,0.34,1,1,1.21919581210275
0.82,0.84,0.44,0.38,1,1,1.20396018323236
0.846666666666667,0.82,0.486666666666667,0.413333333333333,1,1,1.26796047369861
0.873333333333333,0.84,0.44,0.446666666666667,1,1,1.08914972891824
0.84,0.886666666666667,0.393333333333333,0.453333333333333,1,1,0.920412039865108
0.873333333333333,0.833333333333333,0.473333333333333,0.453333333333333,1,1,1.15044461091844
0.893333333333333,0.886666666666667,0.446666666666667,0.4,1,1,1.19035376887954
0.873333333333333,0.8,0.453333333333333,0.333333333333333,1,1,1.49287198669992
0.833333333333333,0.76,0.48,0.48,1,1,1.13073938203491
0.88,0.82,0.513333333333333,0.393333333333333,1,0.986666666666667,1.41009045702004
0.806666666666667,0.82,0.54,0.38,1,1,1.46038485912809
0.88,0.873333333333333,0.48,0.386666666666667,1,0.986666666666667,1.29478209559133
0.853333333333333,0.773333333333333,0.453333333333333,0.386666666666667,1,1,1.31870997787868
0.833333333333333,0.766666666666667,0.48,0.406666666666667,1,0.986666666666667,1.30327886136004
0.853333333333333,0.866666666666667,0.473333333333333,0.38,1,1,1.28936408988488
0.886666666666667,0.8,0.42,0.4,1,1,1.20150259639819
0.846666666666667,0.84,0.433333333333333,0.44,1,1,1.06724836790633
0.913333333333333,0.86,0.453333333333333,0.306666666666667,1,0.986666666666667,1.54550360017717
0.86,0.846666666666667,0.413333333333333,0.433333333333333,0.986666666666667,0.986666666666667,1.04500024194209
0.873333333333333,0.826666666666667,0.473333333333333,0.4,1,1,1.29101641955112
0.906666666666667,0.833333333333333,0.466666666666667,0.493333333333333,1,1,1.07890230500211
0.873333333333333,0.806666666666667,0.433333333333333,0.433333333333333,1,1,1.13101328823783
0.866666666666667,0.88,0.46,0.386666666666667,1,1,1.23821983932549
0.84,0.833333333333333,0.473333333333333,0.4,1,1,1.2543067956149
0.86,0.9,0.486666666666667,0.406666666666667,1,1,1.22294274611477
0.86,0.86,0.433333333333333,0.453333333333333,0.986666666666667,1,1.04325501745139
0.866666666666667,0.86,0.493333333333333,0.353333333333333,1,1,1.44272973185113
0.886666666666667,0.826666666666667,0.42,0.373333333333333,1,1,1.24970121536397
0.806666666666667,0.84,0.406666666666667,0.393333333333333,1,1,1.0770507905877
0.833333333333333,0.846666666666667,0.48,0.42,1,1,1.19930840867614
0.886666666666667,0.82,0.493333333333333,0.353333333333333,1,1,1.51331822750159
0.82,0.82,0.433333333333333,0.44,1,1,1.06025599126907
0.866666666666667,0.793333333333333,0.44,0.486666666666667,1,1,1.0358099072249
0.84,0.84,0.513333333333333,0.393333333333333,1,1,1.36148851279109
0.806666666666667,0.853333333333333,0.446666666666667,0.426666666666667,1,1,1.08164010025063
0.88,0.86,0.36,0.44,1,1,0.92327511082484
0.853333333333333,0.846666666666667,0.386666666666667,0.42,1,1,1.00744390011755
0.92,0.82,0.38,0.393333333333333,1,1,1.1343874695763
0.873333333333333,0.833333333333333,0.513333333333333,0.426666666666667,1,1,1.30292017206322
0.833333333333333,0.84,0.406666666666667,0.42,1,1,1.0402052545156
0.853333333333333,0.793333333333333,0.473333333333333,0.413333333333333,1,1,1.26866268756504
0.826666666666667,0.826666666666667,0.526666666666667,0.36,1,1,1.5075264838298
0.853333333333333,0.82,0.493333333333333,0.4,1,1,1.32721243581921
0.88,0.84,0.44,0.38,1,1,1.26021950269341
0.866666666666667,0.813333333333333,0.493333333333333,0.36,1,1,1.47737813319513
0.833333333333333,0.833333333333333,0.466666666666667,0.4,1,1,1.2325642722982
0.82,0.773333333333333,0.5,0.526666666666667,1,1,1.05622614366045
0.88,0.84,0.44,0.393333333333333,1,0.986666666666667,1.21473552452684
0.906666666666667,0.82,0.48,0.486666666666667,1,1,1.12834925269835
0.86,0.793333333333333,0.54,0.466666666666667,1,1,1.28270990807242
0.853333333333333,0.8,0.493333333333333,0.333333333333333,1,1,1.58501662510391
0.84,0.846666666666667,0.473333333333333,0.42,1,1,1.19008446768812
0.873333333333333,0.826666666666667,0.473333333333333,0.446666666666667,1,1,1.17111758874854
0.893333333333333,0.82,0.513333333333333,0.373333333333333,1,0.986666666666667,1.48849351867889
0.913333333333333,0.9,0.46,0.486666666666667,1,1,1.03887658443358
0.826666666666667,0.793333333333333,0.48,0.473333333333333,1,1,1.11416606371549
0.833333333333333,0.86,0.493333333333333,0.446666666666667,0.986666666666667,0.986666666666667,1.15440163849276
0.826666666666667,0.84,0.466666666666667,0.413333333333333,1,0.986666666666667,1.17806582073289
0.86,0.86,0.513333333333333,0.486666666666667,1,1,1.12973407251015
0.88,0.853333333333333,0.473333333333333,0.46,1,1,1.12556122017858
0.886666666666667,0.846666666666667,0.453333333333333,0.446666666666667,1,1,1.1231990306437
0.793333333333333,0.826666666666667,0.48,0.473333333333333,1,1,1.06326971505049
0.88,0.846666666666667,0.4,0.46,1,1,0.979014410086212
0.813333333333333,0.84,0.486666666666667,0.486666666666667,1,1,1.05645018835956
0.84,0.853333333333333,0.56,0.426666666666667,1,1,1.35872481203008
0.88,0.86,0.453333333333333,0.38,1,1,1.27246946836112
0.866666666666667,0.78,0.466666666666667,0.5,1,1,1.07274185480161
0.853333333333333,0.846666666666667,0.493333333333333,0.353333333333333,1,1,1.4458768902301
0.873333333333333,0.866666666666667,0.413333333333333,0.526666666666667,1,0.986666666666667,0.872915748554591
0.833333333333333,0.873333333333333,0.48,0.433333333333333,1,1,1.14527238877657
0.88,0.833333333333333,0.426666666666667,0.406666666666667,1,1,1.16331785442613
0.84,0.773333333333333,0.46,0.42,1,1,1.22622802188907
0.846666666666667,0.833333333333333,0.56,0.433333333333333,1,1,1.36549322978593
0.833333333333333,0.846666666666667,0.433333333333333,0.473333333333333,1,1,0.985933497956012
0.9,0.786666666666667,0.413333333333333,0.28,1,1,1.66213120635884
0.84,0.826666666666667,0.486666666666667,0.393333333333333,1,1,1.31161926596439
0.853333333333333,0.766666666666667,0.486666666666667,0.333333333333333,0.986666666666667,1,1.62661787081163
0.846666666666667,0.826666666666667,0.453333333333333,0.373333333333333,1,1,1.2951808336551
0.853333333333333,0.813333333333333,0.526666666666667,0.42,1,1,1.35402769577361
0.873333333333333,0.84,0.44,0.413333333333333,1,1,1.1657622892301
0.813333333333333,0.86,0.506666666666667,0.433333333333333,1,1,1.19713843842691
0.866666666666667,0.786666666666667,0.486666666666667,0.44,1,1,1.24601229129677
0.773333333333333,0.84,0.44,0.44,1,1,1.02113002165615
0.886666666666667,0.813333333333333,0.42,0.346666666666667,1,1,1.34833076680826
0.826666666666667,0.866666666666667,0.433333333333333,0.44,0.986666666666667,1,1.03869771147973
0.84,0.826666666666667,0.433333333333333,0.433333333333333,1,1,1.08647442063046
0.933333333333333,0.88,0.446666666666667,0.473333333333333,1,1,1.06635711650424
0.88,0.866666666666667,0.426666666666667,0.373333333333333,1,1,1.21978601416338
0.853333333333333,0.826666666666667,0.533333333333333,0.46,1,0.986666666666667,1.24297706630379
0.846666666666667,0.866666666666667,0.486666666666667,0.46,1,1,1.11674631887683
0.866666666666667,0.886666666666667,0.466666666666667,0.34,1,0.986666666666667,1.37659262110492
0.846666666666667,0.826666666666667,0.44,0.42,1,1,1.13785605160766
0.846666666666667,0.84,0.426666666666667,0.386666666666667,1,1,1.17840782523351
0.82,0.82,0.5,0.446666666666667,1,1,1.19025065600104
0.833333333333333,0.8,0.486666666666667,0.4,1,0.986666666666667,1.30439094603253
0.84,0.846666666666667,0.373333333333333,0.446666666666667,1,1,0.915623611800674
0.846666666666667,0.793333333333333,0.453333333333333,0.353333333333333,1,1,1.39888268711143
0.866666666666667,0.933333333333333,0.453333333333333,0.393333333333333,1,0.986666666666667,1.15092763837096
0.846666666666667,0.826666666666667,0.466666666666667,0.366666666666667,0.986666666666667,0.986666666666667,1.34861184169364
0.826666666666667,0.826666666666667,0.473333333333333,0.44,1,1,1.14798502444866
0.893333333333333,0.853333333333333,0.433333333333333,0.393333333333333,1,1,1.20688668795905
0.88,0.866666666666667,0.42,0.44,1,1,1.04620169071615
0.886666666666667,0.833333333333333,0.446666666666667,0.406666666666667,1,1,1.21576153783314
0.84,0.88,0.413333333333333,0.36,1,1,1.172767741672
0.86,0.78,0.473333333333333,0.386666666666667,1,1,1.36862836361615
0.873333333333333,0.873333333333333,0.533333333333333,0.493333333333333,1,1,1.15494576100668
0.853333333333333,0.8,0.473333333333333,0.433333333333333,1,1,1.20951999095293
0.853333333333333,0.873333333333333,0.486666666666667,0.446666666666667,1,1,1.14565665837156
0.826666666666667,0.86,0.513333333333333,0.446666666666667,1,0.986666666666667,1.18354988339368
0.86,0.88,0.413333333333333,0.473333333333333,1,1,0.945323002996518
0.833333333333333,0.886666666666667,0.453333333333333,0.38,1,1,1.20398476957454
0.833333333333333,0.846666666666667,0.46,0.433333333333333,1,0.986666666666667,1.11639389752913
0.86,0.813333333333333,0.46,0.453333333333333,1,1,1.12711252940383
0.813333333333333,0.786666666666667,0.413333333333333,0.4,1,0.986666666666667,1.12141740489838
0.853333333333333,0.84,0.54,0.426666666666667,1,1,1.33882366755136
0.84,0.846666666666667,0.486666666666667,0.4,1,0.986666666666667,1.26401064918327
0.873333333333333,0.88,0.48,0.373333333333333,1,1,1.32947651124906
0.82,0.853333333333333,0.493333333333333,0.46,1,0.986666666666667,1.11284533299985
0.873333333333333,0.8,0.446666666666667,0.413333333333333,1,1,1.21739317009535
0.86,0.8,0.446666666666667,0.426666666666667,1,1,1.17143536300059
0.82,0.853333333333333,0.433333333333333,0.366666666666667,1,1,1.21126509696999
0.846666666666667,0.893333333333333,0.513333333333333,0.36,1,1,1.41246551882801
0.84,0.846666666666667,0.54,0.4,1,1,1.39721745467097
0.886666666666667,0.826666666666667,0.526666666666667,0.433333333333333,1,0.986666666666667,1.32363117645998
0.873333333333333,0.793333333333333,0.493333333333333,0.393333333333333,1,1,1.395016413112
0.866666666666667,0.82,0.44,0.426666666666667,1,1,1.14486336019393
0.793333333333333,0.833333333333333,0.446666666666667,0.433333333333333,1,1,1.07136242092219
0.846666666666667,0.846666666666667,0.42,0.413333333333333,1,0.986666666666667,1.08424263310307
0.853333333333333,0.86,0.493333333333333,0.413333333333333,1,1,1.25129940374569
0.86,0.833333333333333,0.4,0.446666666666667,1,1,0.997670172641673
0.866666666666667,0.826666666666667,0.48,0.353333333333333,1,0.986666666666667,1.43803839483285
0.86,0.813333333333333,0.433333333333333,0.44,1,1,1.09900280179556
0.886666666666667,0.866666666666667,0.44,0.413333333333333,1,1,1.15436214218516
0.873333333333333,0.86,0.493333333333333,0.393333333333333,1,0.986666666666667,1.31449464623271
0.886666666666667,0.906666666666667,0.513333333333333,0.44,1,1,1.21568140420599
0.873333333333333,0.786666666666667,0.446666666666667,0.453333333333333,1,1,1.13063561238744
0.84,0.826666666666667,0.486666666666667,0.44,1,1,1.18816915529774
0.86,0.866666666666667,0.42,0.393333333333333,1,1,1.13374461943263
0.866666666666667,0.88,0.466666666666667,0.353333333333333,1,1,1.35148150964439
0.866666666666667,0.833333333333333,0.446666666666667,0.366666666666667,1,1,1.31078105320588
0.873333333333333,0.826666666666667,0.46,0.386666666666667,1,1,1.29733802333409
0.86,0.833333333333333,0.42,0.366666666666667,1,1,1.23643328515958
0.886666666666667,0.886666666666667,0.513333333333333,0.426666666666667,1,1,1.26496419323416
0.893333333333333,0.873333333333333,0.5,0.413333333333333,0.986666666666667,1,1.29578397237309
0.86,0.84,0.433333333333333,0.48,1,0.986666666666667,0.992654702061001
0.853333333333333,0.753333333333333,0.42,0.413333333333333,1,1,1.17912439252659
0.84,0.806666666666667,0.486666666666667,0.4,1,1,1.31285175916676
0.786666666666667,0.88,0.453333333333333,0.4,0.986666666666667,1,1.12662477976131
0.933333333333333,0.84,0.373333333333333,0.353333333333333,1,1,1.22048568909225
0.846666666666667,0.826666666666667,0.473333333333333,0.433333333333333,1,0.986666666666667,1.17293787427399
0.9,0.84,0.46,0.44,1,1,1.16886479584296
0.793333333333333,0.826666666666667,0.373333333333333,0.36,1,1,1.07571078187192
0.84,0.846666666666667,0.48,0.44,1,1,1.15708927231808
0.853333333333333,0.853333333333333,0.48,0.433333333333333,1,1,1.17812343598235
0.833333333333333,0.853333333333333,0.486666666666667,0.46,0.986666666666667,1,1.12351820033988
0.853333333333333,0.773333333333333,0.353333333333333,0.453333333333333,1,1,0.918839530017705
0.893333333333333,0.886666666666667,0.42,0.48,1,1,0.967656664002004
0.833333333333333,0.873333333333333,0.453333333333333,0.386666666666667,1,1,1.19889338339968
0.866666666666667,0.873333333333333,0.42,0.446666666666667,1,1,1.01738932961621
0.873333333333333,0.826666666666667,0.493333333333333,0.473333333333333,1,1,1.15296534266824
0.82,0.82,0.486666666666667,0.48,1,1,1.08885271089934
0.866666666666667,0.873333333333333,0.446666666666667,0.36,1,0.986666666666667,1.27866108786611
0.873333333333333,0.84,0.446666666666667,0.44,1,1,1.11805658187465
0.86,0.813333333333333,0.366666666666667,0.38,1,0.986666666666667,1.07685738296954
0.853333333333333,0.813333333333333,0.513333333333333,0.32,1,1,1.68005464698737
0.853333333333333,0.846666666666667,0.5,0.446666666666667,1,1,1.19519618915997
0.84,0.766666666666667,0.433333333333333,0.406666666666667,1,1,1.20450270101703
0.84,0.866666666666667,0.453333333333333,0.513333333333333,1,1,0.948137326515705
0.893333333333333,0.853333333333333,0.386666666666667,0.4,1,0.986666666666667,1.07384822706982
0.786666666666667,0.846666666666667,0.486666666666667,0.426666666666667,1,1,1.15832535012778
0.873333333333333,0.846666666666667,0.52,0.486666666666667,1,1,1.1625858892595
0.866666666666667,0.8,0.4,0.373333333333333,1,1,1.20663479932505
0.833333333333333,0.853333333333333,0.433333333333333,0.453333333333333,1,1,1.01946419265633
0.84,0.84,0.546666666666667,0.366666666666667,1,1,1.53083615005264
0.873333333333333,0.826666666666667,0.466666666666667,0.46,1,1,1.12687130829523
0.866666666666667,0.873333333333333,0.453333333333333,0.373333333333333,1,1,1.26565375239701
0.873333333333333,0.8,0.5,0.4,1,0.986666666666667,1.37321724782559
0.866666666666667,0.873333333333333,0.446666666666667,0.393333333333333,1,1,1.1958194736112
0.86,0.82,0.4,0.393333333333333,1,1,1.12731427057635
0.866666666666667,0.806666666666667,0.38,0.46,1,1,0.952963153614017
0.84,0.866666666666667,0.413333333333333,0.373333333333333,1,1,1.14999699645582
0.893333333333333,0.86,0.44,0.42,1,1,1.14982104082535
0.88,0.88,0.38,0.38,1,0.986666666666667,1.07081695298616
0.88,0.786666666666667,0.406666666666667,0.333333333333333,1,1,1.38446848638369
0.853333333333333,0.88,0.56,0.346666666666667,1,0.96,1.56406206362941
0.866666666666667,0.766666666666667,0.606666666666667,0.446666666666667,1,1,1.51672472332135
0.833333333333333,0.846666666666667,0.506666666666667,0.506666666666667,1,0.986666666666667,1.06154888718778
0.853333333333333,0.88,0.466666666666667,0.466666666666667,1,1,1.05839099558014
0.886666666666667,0.813333333333333,0.486666666666667,0.406666666666667,1,1,1.32906701141995
0.86,0.873333333333333,0.486666666666667,0.42,1,1,1.2132998782998
0.9,0.866666666666667,0.346666666666667,0.466666666666667,1,1,0.861864196509801
0.893333333333333,0.786666666666667,0.46,0.366666666666667,1,1,1.42616266148747
0.9,0.806666666666667,0.466666666666667,0.413333333333333,1,1,1.28180744070776
0.86,0.886666666666667,0.48,0.44,1,1,1.14134313027007
0.86,0.806666666666667,0.4,0.446666666666667,1,1,1.01670355006436
0.866666666666667,0.806666666666667,0.493333333333333,0.48,1,1,1.14867639144227
0.88,0.846666666666667,0.48,0.38,1,1,1.35114460467462
0.873333333333333,0.813333333333333,0.473333333333333,0.433333333333333,1,1,1.21477554078707
0.906666666666667,0.866666666666667,0.486666666666667,0.473333333333333,1,1,1.13495772019446
