PPV_A_e,PPV_A_ne,PPV_B_e,PPV_B_ne,PPV_C_e,PPV_C_ne,RR
0.6875,0.84070796460177,0.925619834710744,0.905013192612137,0.975,0.995652173913044,1.12275752209698
0.679245283018868,0.850111856823266,0.916666666666667,0.905612244897959,0.972222222222222,0.995689655172414,1.10305333749826
0.608695652173913,0.887665198237886,0.905172413793103,0.895833333333333,1,1,1.05247642562205
0.673913043478261,0.861233480176212,0.905982905982906,0.921671018276762,0.972222222222222,0.997844827586207,1.06581283669432
0.682926829268293,0.85838779956427,0.921985815602837,0.88857938718663,1,1,1.12096479227949
0.586206896551724,0.819004524886878,0.891891891891892,0.889460154241645,1,0.99562363238512,1.0834976910692
0.634146341463415,0.830065359477124,0.923076923076923,0.904040404040404,1,0.995689655172414,1.10994129499635
0.674418604651163,0.838074398249453,0.922413793103448,0.90625,0.974358974358974,1,1.11817871467773
0.622950819672131,0.845102505694761,0.933962264150943,0.888324873096447,1,1,1.12810461661915
0.714285714285714,0.847161572052402,0.910714285714286,0.88659793814433,1,1,1.12724165504268
0.677966101694915,0.82766439909297,0.90625,0.905913978494624,1,1,1.1045316386959
0.547169811320755,0.821029082774049,0.928,0.909333333333333,1,0.997830802603037,1.09284021542418
0.733333333333333,0.861538461538462,0.908333333333333,0.886842105263158,1,1,1.11891980211369
0.547169811320755,0.865771812080537,0.922413793103448,0.911458333333333,1,0.995689655172414,1.05199410192995
0.711111111111111,0.843956043956044,0.947368421052632,0.932642487046632,0.976744186046512,0.99781181619256,1.12244933142818
0.525,0.85,0.923809523809524,0.893670886075949,1,0.997757847533632,1.07780337785853
0.72093023255814,0.849015317286652,0.898305084745763,0.916230366492147,0.976744186046512,0.99781181619256,1.08341988094553
0.577777777777778,0.83956043956044,0.91588785046729,0.877862595419847,1,0.995614035087719,1.10741728247118
0.625,0.862612612612613,0.948979591836735,0.900497512437811,1,0.995642701525055,1.11754376374201
0.537037037037037,0.802690582959641,0.895238095238095,0.89873417721519,1,1,1.07708861393199
0.791666666666667,0.853982300884956,0.886956521739131,0.898701298701299,1,0.997835497835498,1.10194458346197
0.73469387755102,0.855875831485588,0.914285714285714,0.931645569620253,0.970588235294118,0.995708154506438,1.08433509218328
0.714285714285714,0.829694323144105,0.896551724137931,0.903645833333333,0.974358974358974,0.997830802603037,1.10723995586619
0.690909090909091,0.858426966292135,0.969072164948454,0.900744416873449,0.975609756097561,0.995642701525055,1.16537828686504
0.637931034482759,0.866515837104073,0.923809523809524,0.90379746835443,0.96969696969697,0.997858672376874,1.0914582515835
0.527272727272727,0.876404494382023,0.888888888888889,0.898172323759791,0.976190476190476,0.997816593886463,1.0190276486021
0.654545454545455,0.860674157303371,0.887096774193548,0.898936170212766,0.971428571428571,0.991397849462366,1.05988680698033
0.657894736842105,0.833333333333333,0.950413223140496,0.920844327176781,1,1,1.1294818824771
0.5,0.839285714285714,0.958677685950413,0.87598944591029,1,0.995555555555556,1.1382528321542
0.679245283018868,0.865771812080537,0.89344262295082,0.891534391534391,1,0.997867803837953,1.07720556010716
0.604166666666667,0.860619469026549,0.888888888888889,0.879895561357702,1,0.997826086956522,1.06665378638215
0.674418604651163,0.835886214442013,0.918918918918919,0.861182519280206,1,1,1.16387358586592
0.581395348837209,0.857768052516411,0.887931034482759,0.90625,1,1,1.03476569058779
0.617021276595745,0.832229580573952,0.90625,0.881720430107527,1,0.995708154506438,1.10845664130097
0.772727272727273,0.853070175438597,0.909090909090909,0.884615384615385,1,0.997821350762527,1.13870404182089
0.658536585365854,0.85838779956427,0.914285714285714,0.89873417721519,1,1,1.09404786457494
0.709090909090909,0.831460674157303,0.933333333333333,0.905263157894737,1,1,1.14293304260857
0.58974358974359,0.822125813449024,0.956896551724138,0.888020833333333,1,0.997849462365591,1.16257992511683
0.714285714285714,0.842572062084257,0.92,0.9,1,0.993421052631579,1.12317857297364
0.523809523809524,0.866812227074236,0.957627118644068,0.892670157068063,1,0.997844827586207,1.10580325957879
0.584905660377359,0.87248322147651,0.9296875,0.889784946236559,1,1,1.09077294482809
0.745454545454546,0.853932584269663,0.973214285714286,0.871134020618557,1,0.997767857142857,1.2219502258101
0.708333333333333,0.889380530973451,0.942622950819672,0.891534391534391,1,0.997826086956522,1.12488940387241
0.696428571428571,0.822072072072072,0.966666666666667,0.910526315789474,1,0.997849462365591,1.17826198855427
0.689655172413793,0.864253393665159,0.930434782608696,0.916883116883117,1,1,1.0976428892406
0.651162790697675,0.849015317286652,0.914285714285714,0.90126582278481,1,0.995717344753747,1.0938657229507
0.653061224489796,0.844789356984479,0.848739495798319,0.913385826771654,1,1,1.01121731929545
0.72093023255814,0.827133479212254,0.883333333333333,0.926315789473684,1,0.997840172786177,1.06757041870295
0.630434782608696,0.841409691629956,0.932203389830508,0.905759162303665,0.972222222222222,0.993534482758621,1.11236984429514
0.72,0.831111111111111,0.915966386554622,0.926509186351706,1,1,1.10271074612284
0.59375,0.86697247706422,0.945945945945946,0.90745501285347,1,1,1.0969124224315
0.613636363636364,0.826754385964912,0.901785714285714,0.878865979381443,1,0.997881355932203,1.11056633630912
0.58974358974359,0.815618221258134,0.906542056074766,0.913486005089059,1,0.997844827586207,1.0792231615289
0.6,0.838202247191011,0.908333333333333,0.907894736842105,1,1,1.07522869423923
0.75,0.853070175438597,0.989583333333333,0.871287128712871,1,1,1.2445249513528
0.56,0.828888888888889,0.954954954954955,0.879177377892031,1,0.995594713656388,1.15556690598028
0.492063492063492,0.862700228832952,0.928,0.906666666666667,1,0.997876857749469,1.05108924493108
0.702127659574468,0.858719646799117,0.936936936936937,0.933161953727506,1,0.995680345572354,1.09310640372036
0.6,0.847826086956522,0.88785046728972,0.88295165394402,1,0.993520518358531,1.06796715299087
0.540540540540541,0.861771058315335,0.878787878787879,0.915760869565217,1,1,1.00102290606845
0.595238095238095,0.838427947598253,0.881818181818182,0.915384615384615,1,0.997849462365591,1.03435274080681
0.672727272727273,0.849438202247191,0.952830188679245,0.908629441624365,1,0.997920997920998,1.137061945007
0.625,0.845132743362832,0.913793103448276,0.8828125,1,1,1.11106359592126
0.592592592592593,0.829596412556054,0.94017094017094,0.877284595300261,1,0.997854077253219,1.15019321389468
0.68421052631579,0.869074492099323,0.938931297709924,0.899728997289973,1,0.997840172786177,1.11974166077631
0.644444444444445,0.879120879120879,0.96078431372549,0.886934673366834,1,0.995604395604396,1.13939919172637
0.634920634920635,0.85812356979405,0.944,0.901333333333333,1,0.997854077253219,1.1180172183031
0.62,0.831111111111111,0.89908256880734,0.892583120204604,1,1,1.091694139528
0.541666666666667,0.865044247787611,0.904347826086956,0.919480519480519,0.96875,1,1.02894361504822
0.710526315789474,0.796536796536797,0.926229508196721,0.886243386243386,1,1,1.18470480068053
0.765957446808511,0.827814569536424,0.867768595041322,0.897097625329815,1,0.997830802603037,1.09291903746363
0.590909090909091,0.857456140350877,0.932773109243698,0.910761154855643,0.964285714285714,0.995762711864407,1.08743466794467
0.767441860465116,0.849015317286652,0.851239669421488,0.902374670184697,1,0.991228070175439,1.05034295458936
0.595744680851064,0.838852097130243,0.914529914529914,0.898172323759791,0.966666666666667,1,1.09616834354804
0.525,0.843478260869565,0.939130434782609,0.896103896103896,1,1,1.09882741677633
0.681818181818182,0.844298245614035,0.936,0.898666666666667,1,1,1.13615554188837
0.68,0.82,0.908396946564885,0.926829268292683,1,1,1.09042712693047
0.696428571428571,0.81981981981982,0.907407407407407,0.905612244897959,0.974358974358974,1,1.12107299233767
0.588235294117647,0.848552338530067,0.931623931623932,0.903394255874674,1,0.997835497835498,1.0953193287957
0.714285714285714,0.838137472283814,0.927272727272727,0.902564102564103,1,0.997835497835498,1.1342812125954
0.690909090909091,0.856179775280899,0.899159663865546,0.887139107611549,0.96969696969697,0.997858672376874,1.10320306003225
0.63265306122449,0.842572062084257,0.952380952380952,0.901069518716578,0.977777777777778,0.997802197802198,1.14207547388289
0.586956521739131,0.825991189427313,0.848,0.885333333333333,1,0.997876857749469,1.0318417576881
0.731707317073171,0.851851851851852,0.866071428571429,0.884020618556701,1,1,1.07907938949361
0.666666666666667,0.824053452115813,0.918918918918919,0.904884318766067,1,0.997787610619469,1.11884950145684
0.636363636363636,0.846491228070175,0.908256880733945,0.895140664961637,0.975,0.997826086956522,1.09584082924806
0.625,0.838495575221239,0.905982905982906,0.921671018276762,1,0.99343544857768,1.06179916423465
0.631578947368421,0.83982683982684,0.906542056074766,0.903307888040712,0.966666666666667,0.995744680851064,1.0886499736945
0.627450980392157,0.88195991091314,0.935185185185185,0.913265306122449,1,1,1.07752907670216
0.803921568627451,0.848552338530067,0.913793103448276,0.911458333333333,1,1,1.12735316812819
0.673913043478261,0.854625550660793,0.923809523809524,0.913924050632911,0.975609756097561,1,1.09920856869279
0.565217391304348,0.856828193832599,0.901639344262295,0.902116402116402,1,1,1.05086260956109
0.593220338983051,0.854875283446712,0.911290322580645,0.898936170212766,1,1,1.0745279578263
0.573770491803279,0.867881548974943,0.966101694915254,0.908376963350785,1,1,1.11269756290448
0.578947368421053,0.846501128668172,0.938053097345133,0.883720930232558,1,0.997849462365591,1.12339682060195
0.611111111111111,0.869955156950673,0.952755905511811,0.911528150134048,1,0.993406593406593,1.09984958963273
0.625,0.856521739130435,0.91588785046729,0.872773536895674,1,0.997835497835498,1.1152435265531
0.574468085106383,0.8719646799117,0.943089430894309,0.89920424403183,1,1,1.09356795745824
0.581395348837209,0.829321663019694,0.9140625,0.905913978494624,0.967741935483871,0.995735607675906,1.08776211667559
0.577777777777778,0.843956043956044,0.915094339622642,0.928934010152284,0.973684210526316,1,1.05480664359745
0.681818181818182,0.835526315789474,0.934579439252336,0.903307888040712,0.979166666666667,1,1.13890382069487
0.630434782608696,0.850220264317181,0.897196261682243,0.877862595419847,0.96969696969697,0.997858672376874,1.09820465166001
0.702127659574468,0.849889624724062,0.875,0.891752577319588,1,0.99780701754386,1.07316322378688
0.660377358490566,0.834451901565996,0.88785046728972,0.88295165394402,1,0.99562363238512,1.09600933738266
0.611111111111111,0.849775784753363,0.908256880733945,0.90537084398977,1,1,1.0728153719259
0.680851063829787,0.858719646799117,0.921052631578947,0.898963730569948,1,0.997867803837953,1.10658313913404
0.60377358490566,0.859060402684564,0.93,0.88,0.975,1,1.12064929382787
0.618181818181818,0.840449438202247,0.864,0.906666666666667,1,0.995717344753747,1.02671607543303
0.683333333333333,0.831818181818182,0.930434782608696,0.919480519480519,1,0.995642701525055,1.11406808216803
0.673469387755102,0.844789356984479,0.963302752293578,0.892583120204604,1,1,1.17231421652291
0.695652173913044,0.814977973568282,0.888888888888889,0.905612244897959,1,0.997830802603037,1.09769702560616
0.63265306122449,0.849223946784922,0.929133858267716,0.903485254691689,0.975609756097561,1,1.10895281676365
0.673076923076923,0.84375,0.878260869565217,0.909090909090909,1,0.995735607675906,1.05385569643763
0.62962962962963,0.849775784753363,0.901785714285714,0.889175257731959,1,1,1.08783620881701
0.633333333333333,0.854545454545455,0.923076923076923,0.892950391644909,1,1,1.1061943612627
0.694915254237288,0.857142857142857,0.932773109243698,0.905511811023622,1,0.995661605206074,1.11691365363678
0.604166666666667,0.831858407079646,0.934426229508197,0.899470899470899,1,0.997867803837953,1.11955372521414
0.705882352941177,0.866369710467706,0.923076923076923,0.908108108108108,0.96969696969697,1,1.10596271143562
0.680851063829787,0.82560706401766,0.932773109243698,0.89238845144357,1,0.997787610619469,1.15232455244354
0.722222222222222,0.838565022421525,0.891304347826087,0.901960784313725,1,1,1.09603991131347
0.653061224489796,0.860310421286031,0.918367346938776,0.858208955223881,0.980392156862745,1,1.14424123009133
0.523809523809524,0.846681922196796,0.894230769230769,0.886363636363636,0.977272727272727,0.99780701754386,1.05632902791132
0.577777777777778,0.832967032967033,0.952380952380952,0.89620253164557,1,0.99781181619256,1.13594829535675
0.769230769230769,0.848214285714286,0.923809523809524,0.916455696202532,1,1,1.12394466026302
0.69811320754717,0.850111856823266,0.95,0.897368421052632,0.972222222222222,0.995689655172414,1.1560290277121
0.591836734693878,0.838137472283814,0.959677419354839,0.917553191489362,0.976190476190476,1,1.1252903057732
0.674418604651163,0.822757111597374,0.92436974789916,0.889763779527559,1,0.995614035087719,1.14458846605019
0.583333333333333,0.872727272727273,0.934579439252336,0.933842239185751,1,1,1.05034546889402
0.75,0.853070175438597,0.928571428571429,0.893048128342246,0.976744186046512,0.99781181619256,1.14887297700242
0.777777777777778,0.835164835164835,0.896551724137931,0.908854166666667,1,0.993576017130621,1.10958740349863
0.705882352941177,0.821826280623608,0.932038834951456,0.881612090680101,0.962962962962963,1,1.18126255779696
0.571428571428571,0.842794759825327,0.909836065573771,0.915343915343915,1,1,1.05797204277033
0.692307692307692,0.816091954022989,0.906779661016949,0.884816753926702,1,0.997858672376874,1.14081110365771
0.725490196078431,0.868596881959911,0.893203883495146,0.904282115869018,1,0.997830802603037,1.07442973719582
0.690909090909091,0.840449438202247,0.909836065573771,0.899470899470899,1,0.993449781659389,1.10690986471046
0.686274509803922,0.868596881959911,0.932692307692308,0.876262626262626,0.972972972972973,0.997840172786177,1.14359192867412
0.586956521739131,0.837004405286344,0.885964912280702,0.909326424870466,1,1,1.04496113278886
0.711111111111111,0.828571428571429,0.9375,0.900537634408602,1,0.997830802603037,1.15487317119903
0.603448275862069,0.875565610859729,0.945945945945946,0.902313624678663,0.975609756097561,0.997821350762527,1.10147197515089
0.666666666666667,0.852017937219731,0.942307692307692,0.909090909090909,1,0.995633187772926,1.11977063912012
0.666666666666667,0.880085653104925,0.918918918918919,0.915167095115681,1,1,1.06928742492833
0.647058823529412,0.848552338530067,0.91588785046729,0.893129770992367,1,0.995680345572354,1.10372403105617
0.74,0.848888888888889,0.900826446280992,0.9155672823219,1,0.997830802603037,1.08901407156277
0.619047619047619,0.831877729257642,0.91588785046729,0.888040712468193,1,0.997767857142857,1.11470063844657
0.549019607843137,0.848552338530067,0.917355371900826,0.889182058047494,0.96969696969697,1,1.08852866358302
0.558139534883721,0.853391684901532,0.901785714285714,0.865979381443299,1,1,1.09011890400552
0.666666666666667,0.828507795100223,0.927927927927928,0.910025706940874,1,1,1.12146935957293
0.714285714285714,0.855875831485588,0.912,0.882666666666667,1,0.995771670190275,1.12452894671544
0.642857142857143,0.836244541484716,0.932773109243698,0.879265091863517,1,0.997816593886463,1.14844034955105
0.73469387755102,0.864745011086475,0.907563025210084,0.884514435695538,1,1,1.11863079071886
0.6875,0.865044247787611,0.933962264150943,0.883248730964467,1,0.995652173913044,1.13505687037948
0.58,0.837777777777778,0.926605504587156,0.918158567774936,0.96969696969697,0.997858672376874,1.0835346853844
0.636363636363636,0.846491228070175,0.918032786885246,0.902116402116402,1,0.995698924731183,1.09492331918225
0.631578947368421,0.873589164785553,0.909090909090909,0.894459102902375,1,0.99781181619256,1.07333168445677
0.644444444444445,0.854945054945055,0.90990990990991,0.894601542416453,1,1,1.09192992121155
0.727272727272727,0.846491228070175,0.90990990990991,0.902313624678663,1,0.997816593886463,1.1118926771336
0.577777777777778,0.821978021978022,0.885964912280702,0.914507772020725,1,0.997854077253219,1.04631549102861
0.63265306122449,0.886917960088692,0.941747572815534,0.916876574307305,1,0.995614035087719,1.07718052296011
0.596491228070175,0.860045146726862,0.884615384615385,0.888888888888889,1,1,1.05143347548193
0.673913043478261,0.830396475770925,0.87037037037037,0.900510204081633,1,0.997844827586207,1.06418087261528
0.595238095238095,0.831877729257642,0.945454545454546,0.9,1,0.997854077253219,1.1293311426134
0.607142857142857,0.844594594594595,0.838983050847458,0.910994764397906,1,0.997867803837953,0.988720966832324
0.655172413793103,0.868778280542987,0.903508771929825,0.906735751295337,1,0.995735607675906,1.06309370974552
0.673913043478261,0.865638766519824,0.922413793103448,0.895833333333333,1,0.997858672376874,1.10462717551358
0.680851063829787,0.860927152317881,0.908333333333333,0.905263157894737,0.966666666666667,1,1.08951208197297
0.688888888888889,0.861538461538462,0.898148148148148,0.905612244897959,1,1,1.07444945401768
0.523809523809524,0.851528384279476,0.935779816513761,0.884910485933504,1,1,1.10098891977699
0.622641509433962,0.870246085011186,0.933962264150943,0.903553299492386,1,0.993464052287582,1.08997070987974
0.585365853658537,0.869281045751634,0.955357142857143,0.927835051546392,1,0.995698924731183,1.08034185990134
0.690909090909091,0.858426966292135,0.888888888888889,0.911227154046997,1,0.997840172786177,1.05973927587387
0.733333333333333,0.795604395604396,0.910891089108911,0.887218045112782,0.970588235294118,1,1.1768640157454
0.568181818181818,0.850877192982456,0.930693069306931,0.897243107769424,1,0.997863247863248,1.09359090415876
0.627906976744186,0.862144420131291,0.938053097345133,0.875968992248062,1,1,1.13553921244243
0.674418604651163,0.842450765864333,0.889908256880734,0.915601023017903,1,0.997849462365591,1.06275362184349
0.631578947368421,0.837662337662338,0.91304347826087,0.911688311688312,1,1,1.08589622490312
0.64,0.846666666666667,0.918181818181818,0.902564102564103,0.976190476190476,0.997816593886463,1.10003361040471
0.523809523809524,0.87117903930131,0.936,0.912,0.96969696969697,0.995717344753747,1.06110525253135
0.619047619047619,0.838427947598253,0.911764705882353,0.934673366834171,1,0.997835497835498,1.05549951086065
0.639344262295082,0.863325740318907,0.933333333333333,0.894736842105263,1,0.997821350762527,1.11038393456091
0.634146341463415,0.830065359477124,0.876106194690266,0.875968992248062,1,0.997792494481236,1.08642018721183
0.527777777777778,0.84051724137931,0.926229508196721,0.888888888888889,1,1,1.09452892488192
0.619047619047619,0.860262008733625,0.908333333333333,0.9,1,0.995670995670996,1.07141110131563
0.555555555555556,0.813186813186813,0.915094339622642,0.878172588832487,1,1,1.12183283839758
0.681818181818182,0.885964912280702,0.92156862745098,0.894472361809045,1,1,1.09390876588514
0.645833333333333,0.847345132743363,0.942307692307692,0.911616161616162,1,0.997830802603037,1.1156774022922
0.681818181818182,0.853070175438597,0.942148760330578,0.862796833773087,1,1,1.17846031889031
0.659574468085106,0.832229580573952,0.902439024390244,0.896551724137931,1,0.997872340425532,1.10074486778193
0.644444444444445,0.859340659340659,0.968503937007874,0.908847184986595,1,0.997802197802198,1.13956596609004
0.551724137931035,0.859728506787331,0.923664122137404,0.888888888888889,1,1,1.08448794895117
0.537037037037037,0.860986547085202,0.953846153846154,0.9,1,1,1.10244021787189
0.64,0.846666666666667,0.885714285714286,0.888607594936709,1,1,1.07476430136703
0.760869565217391,0.86784140969163,0.925925925925926,0.915816326530612,1,0.997854077253219,1.10965085131389
0.589285714285714,0.84009009009009,0.896,0.888,1,0.995633187772926,1.07561547742402
0.673469387755102,0.860310421286031,0.912087912087912,0.924205378973105,1,1,1.06762850423563
0.673076923076923,0.868303571428571,0.935483870967742,0.912234042553191,1,1,1.10088213066959
0.666666666666667,0.862445414847162,0.955357142857143,0.930412371134021,1,0.995689655172414,1.10434311746019
0.52,0.853333333333333,0.949579831932773,0.900262467191601,0.975609756097561,0.995642701525055,1.09939504233796
0.714285714285714,0.847161572052402,0.901639344262295,0.896825396825397,1,1,1.10522764718842
0.765957446808511,0.847682119205298,0.96031746031746,0.890374331550802,1,0.997844827586207,1.19431950663664
0.714285714285714,0.842572062084257,0.912,0.882666666666667,1,1,1.13670017576641
0.631578947368421,0.848484848484848,0.954128440366972,0.925831202046036,0.971428571428571,0.997849462365591,1.11315984689045
0.567567567567568,0.83585313174946,0.94017094017094,0.921671018276762,0.955555555555556,0.995604395604396,1.09421718169778
0.682926829268293,0.871459694989107,0.963963963963964,0.892030848329049,1,0.995505617977528,1.15373164009045
0.608695652173913,0.852422907488987,0.930693069306931,0.914786967418546,0.973684210526316,0.997835497835498,1.08888509248467
0.631578947368421,0.862302483069978,0.909836065573771,0.878306878306878,1,1,1.10064512134442
0.733333333333333,0.841758241758242,0.907407407407407,0.900510204081633,1,0.997854077253219,1.11615470834536
0.647058823529412,0.839643652561247,0.934426229508197,0.91005291005291,0.967741935483871,1,1.12002975489394
0.706896551724138,0.821266968325792,0.91304347826087,0.893506493506493,1,1,1.13958829345193
0.733333333333333,0.863736263736264,0.936363636363636,0.930769230769231,1,0.997821350762527,1.100942725534
0.660714285714286,0.846846846846847,0.944444444444444,0.903061224489796,1,0.99781181619256,1.13208784542777
0.660377358490566,0.834451901565996,0.925925925925926,0.887755102040816,1,0.99562363238512,1.13577694460016
0.615384615384615,0.857142857142857,0.894308943089431,0.920424403183024,1,0.99789029535865,1.03665545575686
0.75,0.833333333333333,0.925233644859813,0.903307888040712,0.972972972972973,1,1.149885079211
0.509433962264151,0.834451901565996,0.92436974789916,0.923884514435695,1,0.995604395604396,1.05225445405503
0.695652173913044,0.83920704845815,0.908256880733945,0.874680306905371,1,1,1.13864052824106
0.711538461538462,0.877232142857143,0.924528301886792,0.903553299492386,0.967741935483871,0.997867803837953,1.10559600940092
0.673076923076923,0.863839285714286,0.926315789473684,0.906172839506173,1,1,1.10006475074374
0.666666666666667,0.846325167037862,0.935483870967742,0.890957446808511,0.979166666666667,1,1.14155417754443
0.604651162790698,0.846827133479212,0.934959349593496,0.891246684350133,1,0.997849462365591,1.11841028167082
0.59375,0.844017094017094,0.893805309734513,0.896640826873385,1,0.997858672376874,1.06337604812481
0.72093023255814,0.853391684901532,0.911290322580645,0.890957446808511,1,1,1.12028693327817
0.627450980392157,0.861915367483296,0.913793103448276,0.893229166666667,1,1,1.08815299944768
0.652173913043478,0.830396475770925,0.926829268292683,0.896551724137931,0.961538461538461,0.9957805907173,1.13336519924184
0.693877551020408,0.858093126385809,0.880733944954129,0.872122762148338,1,1,1.09403373833816
0.692307692307692,0.843817787418655,0.93,0.91,1,0.997858672376874,1.11883266191381
0.607142857142857,0.862612612612613,0.933962264150943,0.901015228426396,0.975609756097561,1,1.10043875087411
0.68421052631579,0.841986455981941,0.924528301886792,0.928934010152284,1,1,1.09232178056335
0.547619047619048,0.849344978165939,0.903508771929825,0.901554404145078,1,1,1.05380284873909
0.62962962962963,0.838565022421525,0.892857142857143,0.904639175257732,1,0.995735607675906,1.06677359738794
0.781818181818182,0.871910112359551,0.924528301886792,0.898477157360406,1,0.995594713656388,1.12856932305152
0.772727272727273,0.822368421052632,0.944954128440367,0.882352941176471,0.977272727272727,0.995614035087719,1.21034134535558
0.705882352941177,0.857461024498887,0.895652173913044,0.909090909090909,1,0.993464052287582,1.07242716386879
0.5,0.830396475770925,0.932203389830508,0.887434554973822,1,1,1.1026636659688
0.681818181818182,0.846491228070175,0.898148148148148,0.931122448979592,0.974358974358974,0.997830802603037,1.0591651569007
0.675,0.871739130434783,0.945454545454546,0.894871794871795,0.973684210526316,0.997835497835498,1.13187286625644
0.679245283018868,0.865771812080537,0.906542056074766,0.895674300254453,1,0.995680345572354,1.08687046499217
0.722222222222222,0.836322869955157,0.87719298245614,0.847150259067358,1,0.997830802603037,1.14230750230023
0.727272727272727,0.851685393258427,0.912698412698413,0.868983957219251,1,1,1.15013547797409
0.75,0.853982300884956,0.905660377358491,0.908629441624365,1,0.99781181619256,1.10110729819765
0.708333333333333,0.851769911504425,0.9375,0.90979381443299,1,0.997835497835498,1.12634669439573
0.622950819672131,0.854214123006834,0.927272727272727,0.923076923076923,0.975,0.995652173913044,1.07779855073954
0.571428571428571,0.825327510917031,0.897810218978102,0.914600550964187,1,0.99562363238512,1.05483689875907
0.666666666666667,0.83956043956044,0.923664122137404,0.913279132791328,1,0.995680345572354,1.10281110712431
0.658536585365854,0.840958605664488,0.879310344827586,0.919270833333333,0.974358974358974,0.997830802603037,1.04716000983868
0.647058823529412,0.821826280623608,0.917355371900826,0.907651715039578,1,1,1.1111078522888
0.708333333333333,0.842920353982301,0.953271028037383,0.910941475826972,1,0.997867803837953,1.14973289727667
0.584905660377359,0.834451901565996,0.914285714285714,0.888607594936709,1,1,1.10155598507022
0.607843137254902,0.841870824053452,0.866666666666667,0.90379746835443,0.981132075471698,0.986577181208054,1.0274490555524
0.666666666666667,0.86322869955157,0.921739130434783,0.890909090909091,1,1,1.10996974868349
0.666666666666667,0.848351648351648,0.926315789473684,0.911111111111111,1,1,1.10400816218499
0.833333333333333,0.847345132743363,0.893939393939394,0.894021739130435,1,0.997840172786177,1.13184849626089
0.753623188405797,0.8584686774942,0.9,0.894871794871795,1,1,1.10835079882711
0.619047619047619,0.827510917030568,0.875,0.896464646464647,1,0.997849462365591,1.06030128808518
0.666666666666667,0.837362637362637,0.88785046728972,0.885496183206107,0.96551724137931,0.997876857749469,1.09917367810793
0.72093023255814,0.831509846827134,0.886792452830189,0.903553299492386,1,0.995594713656388,1.0916049418579
0.596491228070175,0.853273137697517,0.928571428571429,0.906417112299465,1,0.997830802603037,1.08752255559637
0.644444444444445,0.872527472527473,0.890909090909091,0.897435897435897,1,0.997835497835498,1.0537287736155
0.642857142857143,0.849344978165939,0.901639344262295,0.915343915343915,1,1,1.06394838052544
0.549019607843137,0.861915367483296,0.928571428571429,0.912371134020619,1,1,1.06315541845787
0.568627450980392,0.841870824053452,0.905172413793103,0.880208333333333,1,1,1.08990063749727
0.697674418604651,0.862144420131291,0.905982905982906,0.890339425587467,1,1,1.10182362919624
0.74,0.817777777777778,0.939655172413793,0.872395833333333,0.974358974358974,0.993492407809111,1.20977704796589
0.653061224489796,0.831485587583149,0.907407407407407,0.913265306122449,0.972222222222222,0.993534482758621,1.08905440594856
0.523809523809524,0.864628820960699,0.91588785046729,0.905852417302799,1,0.997821350762527,1.04556078458353
0.641509433962264,0.847874720357942,0.91588785046729,0.916030534351145,0.973684210526316,0.995670995670996,1.08192165781566
0.634615384615385,0.839285714285714,0.913978494623656,0.86977886977887,1,0.997835497835498,1.13222013638695
0.74,0.871111111111111,0.929824561403509,0.896373056994819,1,1,1.12809022779521
0.590909090909091,0.859649122807018,0.935185185185185,0.920918367346939,1,0.995680345572354,1.07289976800496
0.717948717948718,0.856832971800434,0.864864864864865,0.876606683804627,0.961538461538461,1,1.08393023698996
0.647058823529412,0.866369710467706,0.933333333333333,0.889473684210526,1,0.997854077253219,1.11612101554386
0.591836734693878,0.855875831485588,0.862068965517241,0.8828125,1,0.995642701525055,1.03088451716283
0.6875,0.856194690265487,0.970588235294118,0.922110552763819,1,1,1.14256458780618
0.631578947368421,0.829004329004329,0.844262295081967,0.894179894179894,1,0.997867803837953,1.0289645997609
0.644444444444445,0.846153846153846,0.897959183673469,0.915422885572139,1,1,1.06228717608059
0.788461538461538,0.868303571428571,0.906779661016949,0.908376963350785,1,1,1.10419508759029
0.652173913043478,0.837004405286344,0.942857142857143,0.916455696202532,1,0.997802197802198,1.12026501913751
0.7,0.857777777777778,0.892307692307692,0.87027027027027,1,0.997830802603037,1.11073942221107
0.7,0.84,0.895161290322581,0.912234042553191,1,0.997858672376874,1.08116731790767
0.522727272727273,0.835526315789474,0.909090909090909,0.892307692307692,1,1,1.0727408925375
0.581395348837209,0.851203501094092,0.916666666666667,0.872448979591837,1,0.995555555555556,1.10677450354496
0.666666666666667,0.826373626373626,0.917525773195876,0.885856079404467,1,0.993723849372385,1.13495734999993
0.6,0.851685393258427,0.930693069306931,0.909774436090226,1,0.99781181619256,1.08847620932382
0.581395348837209,0.87089715536105,0.935185185185185,0.915816326530612,0.974358974358974,1,1.07353850094482
0.653846153846154,0.854910714285714,0.941666666666667,0.905263157894737,1,0.997757847533632,1.11859857500423
0.529411764705882,0.839055793991416,0.920634920634921,0.890374331550802,1,1,1.08783104736268
0.653061224489796,0.847006651884701,0.938053097345133,0.89922480620155,1,0.993421052631579,1.12448190024192
0.666666666666667,0.837416481069042,0.91304347826087,0.909090909090909,0.980769230769231,0.997767857142857,1.10045465203505
0.711111111111111,0.863736263736264,0.898148148148148,0.885204081632653,1,1,1.100952134766
0.651162790697675,0.840262582056893,0.912280701754386,0.917098445595855,1,1,1.08290860080767
0.659090909090909,0.853070175438597,0.915254237288136,0.900523560209424,1,0.997849462365591,1.09614836467964
0.6,0.838636363636364,0.881188118811881,0.902255639097744,1,0.997742663656885,1.04823513840232
0.508771929824562,0.860045146726862,0.902912621359223,0.884130982367758,1,1,1.05291411844183
0.703703703703704,0.827354260089686,0.907216494845361,0.900744416873449,1,0.997826086956522,1.11786450454725
0.615384615384615,0.830357142857143,0.845454545454546,0.92051282051282,0.958333333333333,0.997787610619469,1.00442536964021
0.52,0.851111111111111,0.833333333333333,0.898963730569948,1,0.997881355932203,0.965187632130099
0.622641509433962,0.83668903803132,0.918181818181818,0.884615384615385,1,0.988962472406181,1.11425962952691
0.731707317073171,0.836601307189543,0.940677966101695,0.900523560209424,1,0.997840172786177,1.15833356005028
0.418604651162791,0.855579868708972,0.94392523364486,0.893129770992367,1,1,1.06887143428406
0.740740740740741,0.836322869955157,0.931034482758621,0.890625,1,0.995670995670996,1.16013353892236
0.586956521739131,0.863436123348018,0.923076923076923,0.896464646464647,1,1,1.08299086637981
0.607843137254902,0.848552338530067,0.866666666666667,0.89620253164557,1,0.997849462365591,1.03305644152302
0.609756097560976,0.860566448801743,0.910891089108911,0.87719298245614,1,0.993630573248408,1.09499779858008
0.648648648648649,0.840172786177106,0.910714285714286,0.88659793814433,1,1,1.11365501619253
0.564102564102564,0.830802603036876,0.891472868217054,0.919137466307278,1,0.997881355932203,1.03810273224853
0.555555555555556,0.861538461538462,0.876106194690266,0.868217054263566,0.972972972972973,1,1.05451571018063
0.653061224489796,0.860310421286031,0.909090909090909,0.912820512820513,1,1,1.07035351604747
0.673469387755102,0.860310421286031,0.925233644859813,0.905852417302799,1,0.995698924731183,1.09971000244839
0.641509433962264,0.841163310961969,0.912280701754386,0.906735751295337,1,0.993492407809111,1.08747976725004
0.690909090909091,0.835955056179775,0.974358974358974,0.903394255874674,1,0.995708154506438,1.18211332639471
0.694444444444445,0.855603448275862,0.865079365079365,0.871657754010695,1,1,1.07793172356934
0.527272727272727,0.851685393258427,0.929133858267716,0.908847184986595,1,0.995680345572354,1.06642159374714
0.66,0.866666666666667,0.948275862068965,0.901041666666667,1,1,1.12508895725859
0.586206896551724,0.828054298642534,0.898989898989899,0.910224438902743,1,0.995753715498939,1.06311958272429
0.622641509433962,0.829977628635347,0.907407407407407,0.903061224489796,1,0.997863247863248,1.0905632139282
0.622222222222222,0.846153846153846,0.881818181818182,0.907692307692308,0.96969696969697,0.997858672376874,1.04894237942273
0.676470588235294,0.849785407725322,0.907407407407407,0.908163265306122,1,0.995726495726496,1.08510408960873
0.69811320754717,0.854586129753915,0.889830508474576,0.892670157068063,1,1,1.08606310832249
0.645833333333333,0.834070796460177,0.925,0.907894736842105,1,0.993520518358531,1.10725921883108
0.666666666666667,0.853711790393013,0.920353982300885,0.873385012919897,1,1,1.1350743648316
0.659090909090909,0.857456140350877,0.921052631578947,0.901554404145078,1,0.995670995670996,1.09753814779674
0.56140350877193,0.844243792325056,0.901785714285714,0.878865979381443,0.975609756097561,0.995642701525055,1.08505483757674
0.73469387755102,0.862527716186253,0.944444444444444,0.902439024390244,1,0.997854077253219,1.14189730750666
0.613636363636364,0.831140350877193,0.904761904761905,0.90379746835443,1,0.995708154506438,1.08223765741045
0.622222222222222,0.83956043956044,0.91743119266055,0.91304347826087,1,0.995689655172414,1.08348793296085
0.609756097560976,0.854030501089325,0.841121495327103,0.88295165394402,1,0.997821350762527,1.01350736861712
0.577777777777778,0.852747252747253,0.923728813559322,0.924083769633508,1,1,1.05980640941292
0.466666666666667,0.859340659340659,0.92436974789916,0.897637795275591,0.971428571428571,0.995698924731183,1.05457076991572
0.612244897959184,0.83370288248337,0.957983193277311,0.881889763779528,1,1,1.16971708631337
0.627906976744186,0.842450765864333,0.948275862068965,0.911458333333333,1,0.99781181619256,1.12124975469283
0.596153846153846,0.859375,0.95,0.878947368421053,1,0.995744680851064,1.1370470196916
0.63265306122449,0.866962305986696,0.939393939393939,0.902173913043478,1,1,1.10587071674751
0.574468085106383,0.863134657836645,0.8984375,0.881720430107527,1,1,1.06672278612566
0.675675675675676,0.80561555075594,0.901515151515152,0.896739130434783,1,1,1.12499567731454
0.704918032786885,0.840546697038725,0.921052631578947,0.883419689119171,1,0.997792494481236,1.14427118943446
0.75,0.872767857142857,0.915254237288136,0.910994764397906,0.954545454545455,0.99780701754386,1.10276082074509
0.566037735849057,0.83668903803132,0.929824561403509,0.898963730569948,1,0.997835497835498,1.10032177283276
0.704545454545455,0.868421052631579,0.933333333333333,0.90632911392405,1,0.995444191343964,1.1111392294679
0.680851063829787,0.852097130242826,0.931623931623932,0.900783289817232,1,0.995689655172414,1.12052255752902
0.666666666666667,0.865934065934066,0.916666666666667,0.886842105263158,1,0.997863247863248,1.10551644037782
0.705882352941177,0.855233853006682,0.838383838383838,0.897755610972569,1,0.997844827586207,1.02177349709179
0.714285714285714,0.849344978165939,0.9,0.921052631578947,0.962962962962963,0.995771670190275,1.07925976081914
0.652173913043478,0.848017621145375,0.902654867256637,0.922480620155039,1,0.997867803837953,1.06024981130174
0.653061224489796,0.822616407982262,0.908256880733945,0.900255754475703,0.977272727272727,1,1.11315937609837
0.610169491525424,0.834467120181406,0.938053097345133,0.906976744186047,1,0.997844827586207,1.11522213452167
0.645833333333333,0.860619469026549,0.893805309734513,0.875968992248062,0.972972972972973,1,1.09367377998003
0.760869565217391,0.859030837004405,0.924731182795699,0.899262899262899,1,0.997816593886463,1.1326342631671
0.72093023255814,0.827133479212254,0.957264957264957,0.89556135770235,1,1,1.18909365606199
0.69811320754717,0.841163310961969,0.885245901639344,0.933862433862434,0.972972972972973,0.997840172786177,1.05008487778176
0.645833333333333,0.838495575221239,0.875,0.902061855670103,1,1,1.05534753944707
0.714285714285714,0.838137472283814,0.953271028037383,0.916030534351145,1,0.995652173913044,1.1481149099104
0.702127659574468,0.845474613686534,0.922413793103448,0.908854166666667,1,0.997787610619469,1.11285637304164
0.74468085106383,0.852097130242826,0.912621359223301,0.874055415617129,1,1,1.14884734397995
0.648648648648649,0.827213822894169,0.883495145631068,0.899244332493703,1,0.997885835095137,1.07603044968356
0.649122807017544,0.844243792325056,0.885714285714286,0.931645569620253,1,1,1.03448449104173
0.549019607843137,0.821826280623608,0.885416666666667,0.886138613861386,1,0.997854077253219,1.06765366900654
0.605263157894737,0.83982683982684,0.914529914529914,0.900783289817232,0.974358974358974,1,1.09418095847671
0.673469387755102,0.82039911308204,0.878260869565217,0.901298701298701,0.975,0.993478260869565,1.0812073361093
0.622641509433962,0.818791946308725,0.925233644859813,0.872773536895674,1,1,1.15595156202908
0.634146341463415,0.816993464052288,0.897435897435897,0.869451697127937,0.972222222222222,0.997844827586207,1.13396132637573
0.66,0.846666666666667,0.96039603960396,0.892230576441103,1,1,1.16403835356189
0.591836734693878,0.80709534368071,0.939655172413793,0.911458333333333,1,0.991379310344828,1.12386798092766
0.628571428571429,0.860215053763441,0.939655172413793,0.890625,1,0.997830802603037,1.12147265884415
0.576923076923077,0.850446428571429,0.94017094017094,0.887728459530026,1,1,1.11896059851906
0.785714285714286,0.833333333333333,0.936170212765957,0.889162561576355,1,0.997830802603037,1.1843052697931
0.725,0.817391304347826,0.88135593220339,0.903141361256545,0.977777777777778,0.997802197802198,1.10148268665053
0.574468085106383,0.85430463576159,0.903846153846154,0.883838383838384,0.939393939393939,0.993576017130621,1.08295661339448
0.6875,0.857798165137615,0.944444444444444,0.913265306122449,1,1,1.12140731271649
0.652173913043478,0.834801762114538,0.923728813559322,0.913612565445026,1,0.997787610619469,1.10291080312733
0.6,0.864444444444444,0.94392523364486,0.903307888040712,1,1,1.10256120934738
0.611111111111111,0.829596412556054,0.917355371900826,0.905013192612137,1,1,1.09812485630702
0.68,0.873333333333333,0.929203539823009,0.925064599483204,1,1,1.07886255530122
0.574074074074074,0.86322869955157,0.888888888888889,0.890274314214464,1,1,1.04644679101039
0.607843137254902,0.844097995545657,0.904761904761905,0.908860759493671,1,0.993478260869565,1.06508222736427
0.696428571428571,0.846846846846847,0.9,0.91025641025641,0.96875,0.993589743589744,1.08553327447565
0.609756097560976,0.867102396514161,0.927272727272727,0.91025641025641,1,1,1.07705893747247
0.526315789473684,0.852813852813853,0.933333333333333,0.921518987341772,1,0.997821350762527,1.05811099443205
0.6,0.847191011235955,0.897435897435897,0.903394255874674,1,0.997881355932203,1.06006725175808
0.60377358490566,0.852348993288591,0.870689655172414,0.903645833333333,1,0.997844827586207,1.02645796435171
0.538461538461538,0.841517857142857,0.903846153846154,0.901515151515152,1,1,1.05706811422045
0.510204081632653,0.844789356984479,0.95,0.905263157894737,1,1,1.096395501996
0.73469387755102,0.824833702882483,0.932773109243698,0.874015748031496,1,0.995652173913044,1.18935455376927
0.701754385964912,0.826185101580136,0.927927927927928,0.863753213367609,1,0.997840172786177,1.18647216016386
0.547169811320755,0.870246085011186,0.894736842105263,0.901554404145078,1,1,1.02945041437187
0.653061224489796,0.87139689578714,0.931372549019608,0.891959798994975,1,1,1.11022653042838
0.545454545454545,0.850877192982456,0.927272727272727,0.884615384615385,1,0.997854077253219,1.09689918373469
0.739130434782609,0.852422907488987,0.896551724137931,0.924479166666667,1,0.99343544857768,1.07012700307012
0.666666666666667,0.831858407079646,0.938461538461539,0.87027027027027,1,0.997835497835498,1.17636546714434
0.571428571428571,0.862527716186253,0.9375,0.896907216494845,1,0.991285403050109,1.09124694906386
0.696428571428571,0.849099099099099,0.910714285714286,0.912371134020619,1,1,1.09251255539172
0.551020408163265,0.835920177383592,0.934959349593496,0.915119363395226,1,0.995708154506438,1.0841391702681
0.62,0.853333333333333,0.938144329896907,0.88833746898263,1,1,1.12601442252846
0.6,0.86,0.916666666666667,0.900510204081633,1,1,1.07737817586844
0.568627450980392,0.841870824053452,0.934579439252336,0.903307888040712,1,1,1.09917221369001
0.627906976744186,0.853391684901532,0.930232558139535,0.884097035040431,1,1,1.12370362377695
0.627450980392157,0.844097995545657,0.910569105691057,0.888594164456233,1,0.997844827586207,1.10122211704425
0.618181818181818,0.88314606741573,0.9,0.91025641025641,0.974358974358974,0.997830802603037,1.04042513420275
0.633333333333333,0.840909090909091,0.91743119266055,0.90537084398977,1,0.993421052631579,1.09275104336995
0.591836734693878,0.849223946784922,0.919354838709677,0.86968085106383,0.973684210526316,1,1.12386352204041
0.6,0.882222222222222,0.950819672131147,0.886243386243386,1,0.995652173913044,1.11406192551002
0.63265306122449,0.862527716186253,0.94392523364486,0.900763358778626,1,0.993589743589744,1.11264293380595
0.657894736842105,0.859307359307359,0.948275862068965,0.893229166666667,1,0.995652173913044,1.13640079115955
0.7,0.875,0.951612903225806,0.890957446808511,1,0.997835497835498,1.14403964135002
0.692307692307692,0.850325379609545,0.886956521739131,0.903896103896104,1,0.995515695067265,1.07002139419952
0.63265306122449,0.87139689578714,0.915254237288136,0.908376963350785,1,1,1.06872278740231
0.740740740740741,0.822869955156951,0.905982905982906,0.879895561357702,0.976744186046512,0.99343544857768,1.15569175319205
0.695652173913044,0.854625550660793,0.94017094017094,0.913838120104439,1,0.995633187772926,1.11832030485257
0.66,0.817777777777778,0.885245901639344,0.899470899470899,1,0.99780701754386,1.08786593368619
0.72,0.826666666666667,0.91588785046729,0.900763358778626,1,0.997854077253219,1.13321173679961
0.6875,0.834070796460177,0.91044776119403,0.904371584699454,1,0.995661605206074,1.1070143998344
0.64406779661017,0.804988662131519,0.93984962406015,0.91008174386921,1,0.997863247863248,1.14551271503693
0.568627450980392,0.859688195991091,0.912408759124088,0.895316804407714,1,1,1.06936642514675
0.545454545454545,0.839912280701755,0.913793103448276,0.885416666666667,0.977272727272727,1,1.09256554170256
0.75,0.86304347826087,0.939655172413793,0.903645833333333,1,0.997863247863248,1.13894894163585
0.711111111111111,0.821978021978022,0.860869565217391,0.906493506493506,1,0.995680345572354,1.06216594690109
0.692307692307692,0.837053571428571,0.929203539823009,0.886304909560723,1,0.997854077253219,1.14967624732634
0.648148148148148,0.836322869955157,0.915254237288136,0.903141361256545,1,0.997854077253219,1.10228095824863
0.62962962962963,0.818385650224215,0.902912621359223,0.894206549118388,1,0.988938053097345,1.1010190897586
0.622222222222222,0.865934065934066,0.886956521739131,0.890909090909091,1,1,1.05523698288561
0.5625,0.847345132743363,0.888888888888889,0.879679144385027,1,0.993492407809111,1.06228142596087
0.666666666666667,0.824053452115813,0.920634920634921,0.8475935828877,0.96969696969697,1,1.19489003963987
0.6,0.848351648351648,0.950819672131147,0.912698412698413,1,0.995735607675906,1.10976119865739
0.727272727272727,0.844943820224719,0.930232558139535,0.908355795148248,1,0.993492407809111,1.1276940179108
0.568181818181818,0.850877192982456,0.9375,0.899484536082474,1,0.99562363238512,1.09796768709756
0.686274509803922,0.859688195991091,0.891666666666667,0.913157894736842,1,1,1.0597787671969
0.615384615384615,0.817787418655098,0.975,0.894736842105263,1,0.997840172786177,1.18699856133641
0.74,0.86,0.873015873015873,0.906417112299465,0.96969696969697,1,1.06449953536513
0.538461538461538,0.828125,0.955752212389381,0.89922480620155,1,1,1.13001785638891
0.75,0.831858407079646,0.932038834951456,0.919395465994962,1,0.997835497835498,1.13566532656015
0.666666666666667,0.850325379609545,0.936,0.92,1,1,1.10412415274487
0.645833333333333,0.831858407079646,0.941176470588235,0.89501312335958,1,1,1.14553371944966
0.54,0.844444444444445,0.869918699186992,0.923076923076923,1,0.997844827586207,0.993890198403323
0.725490196078431,0.88641425389755,0.8828125,0.854838709677419,1,1,1.10393727496741
0.647058823529412,0.855233853006682,0.867924528301887,0.873096446700508,1,1,1.06635588128296
0.607843137254902,0.830734966592428,0.885714285714286,0.888607594936709,1,1,1.07697060760957
0.7,0.871739130434783,0.919354838709677,0.882978723404255,1,0.99781181619256,1.11802729750261
0.777777777777778,0.838362068965517,0.923076923076923,0.914141414141414,0.975609756097561,1,1.13880492918651
0.555555555555556,0.854260089686099,0.908256880733945,0.900255754475703,1,0.997849462365591,1.05847833182192
0.784313725490196,0.848552338530067,0.896551724137931,0.8828125,1,0.995575221238938,1.13156541074079
0.617647058823529,0.843347639484979,0.933333333333333,0.915068493150685,1,0.991397849462366,1.09357888760815
0.674418604651163,0.838074398249453,0.930232558139535,0.876010781671159,1,0.997881355932203,1.15698559529858
0.638297872340426,0.818984547461369,0.952830188679245,0.931472081218274,1,0.995535714285714,1.12336176589548
0.739130434782609,0.8215859030837,0.858407079646018,0.891472868217054,1,1,1.08589850282132
0.804347826086957,0.865638766519824,0.91588785046729,0.910941475826972,1,1,1.11806794647443
0.590909090909091,0.837719298245614,0.919354838709677,0.904255319148936,1,0.993548387096774,1.0865808927474
0.611111111111111,0.856502242152466,0.923076923076923,0.885117493472585,1,0.997876857749469,1.10603007180227
0.673076923076923,0.84375,0.893203883495146,0.879093198992443,1,0.997840172786177,1.10458167786796
0.673469387755102,0.864745011086475,0.918918918918919,0.89974293059126,1,1,1.09794686215758
0.674418604651163,0.844638949671773,0.973913043478261,0.893506493506493,1,1,1.18404947770653
0.622222222222222,0.854945054945055,0.954128440366972,0.925831202046036,1,0.995726495726496,1.10094469630573
0.612244897959184,0.824833702882483,0.914285714285714,0.911392405063291,1,0.995633187772926,1.08923069113015
0.642857142857143,0.847161572052402,0.904761904761905,0.921518987341772,1,0.997858672376874,1.06163875874798
0.673469387755102,0.862527716186253,0.957264957264957,0.866840731070496,1,0.997821350762527,1.18055124330331
0.692307692307692,0.832589285714286,0.931372549019608,0.876884422110553,1,0.997849462365591,1.1668081890829
0.6,0.867391304347826,0.847457627118644,0.897905759162304,1,1,0.995437945303623
0.777777777777778,0.852747252747253,0.923076923076923,0.898989898989899,1,1,1.14152973608873
0.693877551020408,0.827050997782705,0.88,0.914666666666667,0.96969696969697,1,1.07390577460388
0.634615384615385,0.819196428571429,0.907407407407407,0.910714285714286,1,1,1.09446246520175
0.7,0.848888888888889,0.92,0.8975,1,0.995670995670996,1.11840395836913
0.607843137254902,0.859688195991091,0.942622950819672,0.899470899470899,1,0.997840172786177,1.10975848839108
0.608695652173913,0.841409691629956,0.905660377358491,0.908629441624365,1,0.997816593886463,1.07051432465484
0.6,0.868888888888889,0.933884297520661,0.894459102902375,1,0.997835497835498,1.09632825061134
0.595238095238095,0.836244541484716,0.900900900900901,0.884318766066838,1,0.997835497835498,1.09100474991119
0.60377358490566,0.832214765100671,0.877358490566038,0.906091370558376,1,1,1.04633340489292
0.659574468085106,0.856512141280353,0.931297709923664,0.905149051490515,0.98,0.995555555555556,1.1090915822755
0.5,0.879464285714286,0.846153846153846,0.905405405405405,1,1,0.951624370385968
0.693877551020408,0.860310421286031,0.934426229508197,0.912698412698413,0.974358974358974,0.997830802603037,1.11322095117242
0.558139534883721,0.851203501094092,0.913461538461539,0.906565656565657,1,0.995594713656388,1.05969375079336
0.596491228070175,0.835214446952596,0.928,0.874666666666667,1,1,1.13654355789486
0.683333333333333,0.822727272727273,0.923809523809524,0.921518987341772,1,0.997872340425532,1.11188440398316
0.62,0.837777777777778,0.916666666666667,0.936842105263158,0.96875,1,1.06498162332221
0.486486486486487,0.857451403887689,0.894230769230769,0.911616161616162,1,0.993657505285412,1.00769201030803
0.607843137254902,0.89086859688196,0.905660377358491,0.901015228426396,1,1,1.04540885274813
0.69811320754717,0.843400447427293,0.930769230769231,0.872972972972973,1,0.995680345572354,1.16274957720382
0.606060606060606,0.852248394004283,0.915384615384615,0.921621621621622,0.978723404255319,0.995584988962472,1.06200433187065
0.58974358974359,0.841648590021692,0.963302752293578,0.892583120204604,1,0.995652173913044,1.14863433640251
0.619047619047619,0.834061135371179,0.909836065573771,0.907407407407407,1,0.99780701754386,1.08473570490207
0.62962962962963,0.847533632286996,0.92,0.895,1,1,1.10440955163765
0.714285714285714,0.855875831485588,0.903508771929825,0.906735751295337,1,1,1.0904366668952
0.709090909090909,0.826966292134831,0.920353982300885,0.917312661498708,1,1,1.11769923859035
0.736842105263158,0.880361173814898,0.966101694915254,0.910994764397906,1,1,1.14562364341572
0.648148148148148,0.847533632286996,0.917355371900826,0.923482849604222,1,0.995652173913044,1.07408239784772
0.627450980392157,0.855233853006682,0.901960784313725,0.891959798994975,1,1,1.08051764081033
0.604651162790698,0.87089715536105,0.90990990990991,0.910025706940874,0.9375,0.997863247863248,1.06159876347554
0.62,0.84,0.933884297520661,0.897097625329815,1,1,1.12111586723589
0.62,0.86,0.91743119266055,0.89769820971867,1,0.993520518358531,1.08373548705692
0.519230769230769,0.852678571428571,0.92436974789916,0.921259842519685,1,0.995652173913044,1.04537964174958
0.653061224489796,0.818181818181818,0.910714285714286,0.920103092783505,0.977777777777778,0.997802197802198,1.09626975524122
0.795918367346939,0.827050997782705,0.957627118644068,0.900523560209424,1,0.997849462365591,1.20392429758419
0.724137931034483,0.84841628959276,0.923728813559322,0.921465968586387,1,0.995689655172414,1.10374368448856
0.627906976744186,0.842450765864333,0.928,0.882666666666667,1,1,1.13090501723441
0.659574468085106,0.84326710816777,0.902912621359223,0.889168765743073,1,0.997826086956522,1.10135141310234
0.571428571428571,0.84061135371179,0.913793103448276,0.916666666666667,1,0.993520518358531,1.05962178477526
0.695652173913044,0.850220264317181,0.928571428571429,0.901069518716578,1,0.997844827586207,1.12327594284919
0.704545454545455,0.848684210526316,0.893805309734513,0.896640826873385,1,0.997802197802198,1.09137675034342
0.647058823529412,0.864142538975501,0.932038834951456,0.909319899244332,1,0.997858672376874,1.0947979004571
0.68421052631579,0.862302483069978,0.936363636363636,0.91025641025641,1,0.997854077253219,1.11027827445198
0.543859649122807,0.875846501128668,0.884297520661157,0.897097625329815,1,1,1.01733835656899
0.716981132075472,0.838926174496644,0.916666666666667,0.88265306122449,1,0.997826086956522,1.14468627188738
0.74,0.875555555555556,0.902654867256637,0.875968992248062,1,0.997782705099778,1.11482896006073
0.648148148148148,0.856502242152466,0.94392523364486,0.905852417302799,0.977777777777778,0.997802197802198,1.12105947701459
0.631578947368421,0.848758465011287,0.920353982300885,0.917312661498708,1,0.997844827586207,1.07953015584201
0.685185185185185,0.820627802690583,0.933333333333333,0.894736842105263,1,0.995661605206074,1.15423135525917
0.638297872340426,0.8719646799117,0.938461538461539,0.932432432432432,0.971428571428571,0.997849462365591,1.07436212681226
0.591836734693878,0.860310421286031,0.9,0.913157894736842,1,0.997854077253219,1.04179125276063
0.736842105263158,0.812641083521445,0.917525773195876,0.885856079404467,1,0.997792494481236,1.16820599811392
0.685714285714286,0.860215053763441,0.908450704225352,0.893854748603352,0.978260869565217,0.997797356828194,1.10100440552136
0.666666666666667,0.847345132743363,0.877551020408163,0.8681592039801,1,1,1.09467978093515
0.804347826086957,0.83920704845815,0.981981981981982,0.894601542416453,1,0.995642701525055,1.23110509042008
0.596153846153846,0.852678571428571,0.926605504587156,0.892583120204604,1,0.997881355932203,1.10050574501843
0.639344262295082,0.840546697038725,0.898148148148148,0.880102040816326,1,0.99562363238512,1.10085890466292
0.717391304347826,0.830396475770925,0.938775510204082,0.90547263681592,1,0.995633187772926,1.14995984102746
0.583333333333333,0.86283185840708,0.954545454545455,0.891304347826087,0.977777777777778,0.995604395604396,1.12548438584307
0.703703703703704,0.84304932735426,0.946428571428571,0.907216494845361,0.976744186046512,0.99781181619256,1.14802038574777
0.641509433962264,0.834451901565996,0.92436974789916,0.902887139107612,0.971428571428571,1,1.11797568596988
0.56140350877193,0.882618510158014,0.894736842105263,0.901554404145078,1,1,1.02521886560795
0.648148148148148,0.84304932735426,0.906976744186047,0.870619946091644,1,1,1.12502908021667
0.65,0.852173913043478,0.892857142857143,0.889175257731959,1,1,1.08144902504339
0.672727272727273,0.842696629213483,0.927927927927928,0.886889460154242,1,1,1.13867885993352
0.619047619047619,0.838427947598253,0.905172413793103,0.916666666666667,1,0.995614035087719,1.06546453825015
0.622222222222222,0.879120879120879,0.900900900900901,0.910025706940874,0.975609756097561,0.995642701525055,1.04426983090677
0.731707317073171,0.856209150326797,0.914285714285714,0.893670886075949,1,0.997802197802198,1.12063384279632
0.659090909090909,0.870614035087719,0.926605504587156,0.91304347826087,1,0.995661605206074,1.08250181283627
0.693877551020408,0.840354767184035,0.892086330935252,0.889196675900277,1,0.995735607675906,1.0994679102904
0.63265306122449,0.838137472283814,0.915384615384615,0.918918918918919,1,1,1.08088043858161
0.604166666666667,0.856194690265487,0.941666666666667,0.884210526315789,0.975,0.995652173913044,1.1296539742977
0.694915254237288,0.848072562358277,0.921739130434783,0.911688311688312,1,0.997821350762527,1.10514218027374
0.660714285714286,0.84009009009009,0.909090909090909,0.912820512820513,1,0.995689655172414,1.08450467087472
0.7,0.84,0.837606837606838,0.892950391644909,1,0.997772828507795,1.03437384884528
0.621621621621622,0.838012958963283,0.941176470588235,0.914572864321608,1,0.995717344753747,1.11010649111533
0.731707317073171,0.838779956427015,0.885714285714286,0.89620253164557,1,0.997849462365591,1.09726691259047
0.576923076923077,0.839285714285714,0.923076923076923,0.911616161616162,1,0.997830802603037,1.08005633821407
0.686274509803922,0.848552338530067,0.875,0.889175257731959,0.978260869565217,0.997797356828194,1.07558661803401
0.782608695652174,0.856828193832599,0.90990990990991,0.863753213367609,1,1,1.16501044708414
0.666666666666667,0.866369710467706,0.961904761904762,0.916455696202532,1,1,1.1258509080307
0.729166666666667,0.84070796460177,0.911111111111111,0.846575342465753,1,1,1.18455394915805
0.653846153846154,0.841517857142857,0.9375,0.884020618556701,0.970588235294118,0.995708154506438,1.15095640433318
0.625,0.84009009009009,0.923076923076923,0.91644908616188,0.974358974358974,0.995661605206074,1.09047283869782
0.75609756097561,0.836601307189543,0.921739130434783,0.890909090909091,0.980392156862745,0.997772828507795,1.15705377356736
0.680851063829787,0.847682119205298,0.911504424778761,0.888888888888889,1,0.995708154506438,1.11351803987875
0.745098039215686,0.830734966592428,0.878787878787879,0.885286783042394,1,0.99781181619256,1.11094200634112
0.7,0.862222222222222,0.864077669902913,0.874055415617129,1,0.997881355932203,1.06996577773446
0.675675675675676,0.848812095032398,0.925925925925926,0.903061224489796,0.975,0.997826086956522,1.11709674853651
0.604166666666667,0.829646017699115,0.934959349593496,0.875331564986737,1,1,1.15070363418452
0.692307692307692,0.850446428571429,0.87962962962963,0.905612244897959,1,1,1.06180821495074
0.552631578947369,0.852813852813853,0.876288659793815,0.873449131513648,1,0.99780701754386,1.04935766823381
0.642857142857143,0.831877729257642,0.901960784313725,0.871859296482412,1,0.995824634655532,1.12238255577267
0.646153846153846,0.868965517241379,0.927927927927928,0.902313624678663,1,0.997797356828194,1.09387644643319
0.653061224489796,0.851441241685144,0.891089108910891,0.894736842105263,1,0.997772828507795,1.07374592618502
0.755102040816326,0.844789356984479,0.924812030075188,0.880108991825613,1,1,1.16491755547723
0.69811320754717,0.885906040268456,0.942307692307692,0.876262626262626,1,0.997821350762527,1.14114267484902
0.511627906976744,0.853391684901532,0.932038834951456,0.916876574307305,1,0.995726495726496,1.05598294499204
0.794871794871795,0.845986984815618,0.890625,0.887096774193548,1,0.993562231759657,1.12366674102551
0.571428571428571,0.784922394678492,0.927272727272727,0.907692307692308,1,0.995604395604396,1.12644462187355
0.549019607843137,0.839643652561247,0.904347826086956,0.903896103896104,1,0.997821350762527,1.05841253234373
0.690476190476191,0.820960698689956,0.936363636363636,0.88974358974359,1,1,1.16727867986293
0.6875,0.860619469026549,0.912621359223301,0.899244332493703,1,0.997797356828194,1.09702857114932
0.697674418604651,0.853391684901532,0.957983193277311,0.889763779527559,1,0.995708154506438,1.16735475078948
0.678571428571429,0.84009009009009,0.951612903225806,0.914893617021277,1,0.997802197802198,1.13715916199416
0.725,0.810869565217391,0.905982905982906,0.921671018276762,1,1,1.11245355717949
0.549019607843137,0.875278396436526,0.915966386554622,0.918635170603675,1,1,1.0336961101715
0.68,0.82,0.932773109243698,0.916010498687664,1,0.993562231759657,1.12725550788036
0.66,0.853333333333333,0.927927927927928,0.89974293059126,0.979166666666667,0.995575221238938,1.11364334323268
0.729166666666667,0.831858407079646,0.916666666666667,0.915816326530612,1,0.997835497835498,1.11607851516354
0.704545454545455,0.846491228070175,0.926229508196721,0.920634920634921,1,0.997826086956522,1.10445966914078
0.666666666666667,0.860619469026549,0.908163265306122,0.888059701492537,1,1,1.09919067307337
0.75,0.834782608695652,0.950413223140496,0.910290237467018,1,0.997797356828194,1.16495419315634
0.673076923076923,0.834821428571429,0.933962264150943,0.865482233502538,0.977777777777778,0.995604395604396,1.17841616262573
0.640625,0.821100917431193,0.91578947368421,0.901234567901234,1,0.997792494481236,1.11400429049983
0.658536585365854,0.867102396514161,0.87719298245614,0.886010362694301,1,0.997881355932203,1.05744099776213
0.707317073170732,0.836601307189543,0.940677966101695,0.884816753926702,1,0.997821350762527,1.16967590581407
0.620689655172414,0.841628959276018,0.905263157894737,0.903703703703704,1,0.993562231759657,1.07644992846053
0.717391304347826,0.845814977973568,0.914285714285714,0.908860759493671,1,0.995555555555556,1.10641836667655
0.538461538461538,0.84375,0.952380952380952,0.909090909090909,1,1,1.10367790999178
0.72,0.851111111111111,0.925233644859813,0.88295165394402,1,0.9957805907173,1.14496957279232
0.666666666666667,0.850549450549451,0.900900900900901,0.892030848329049,1,0.997867803837953,1.09261795356252
0.652173913043478,0.830396475770925,0.886792452830189,0.911167512690355,1,0.995708154506438,1.06490099142205
0.652173913043478,0.843612334801762,0.888888888888889,0.86734693877551,1,1,1.10777764694707
0.647058823529412,0.859688195991091,0.907563025210084,0.884514435695538,1,0.997835497835498,1.09641204835291
0.692307692307692,0.823660714285714,0.854838709677419,0.890957446808511,1,1,1.06716925486079
0.614035087719298,0.82392776523702,0.903846153846154,0.893939393939394,1,0.993464052287582,1.09612666737412
0.78,0.84,0.842592592592593,0.88265306122449,1,0.995726495726496,1.07308864826004
0.58974358974359,0.882863340563991,0.940677966101695,0.884816753926702,1,0.995652173913044,1.10062863665621
0.711538461538462,0.850446428571429,0.908163265306122,0.937810945273632,1,1,1.06639211261763
0.583333333333333,0.831858407079646,0.858333333333333,0.892105263157895,1,0.995661605206074,1.03091393508945
0.673913043478261,0.832599118942731,0.941176470588235,0.89238845144357,1,0.995680345572354,1.1537900240436
0.604166666666667,0.865044247787611,0.968253968253968,0.914438502673797,1,0.99562363238512,1.11688351907869
0.479166666666667,0.867256637168142,0.9,0.9,1,0.997854077253219,1.01915071018889
0.735849056603774,0.847874720357942,0.927272727272727,0.923076923076923,0.972972972972973,0.997840172786177,1.11457152113969
0.740740740740741,0.865470852017937,0.892561983471074,0.891820580474934,1,0.997797356828194,1.09331860617586
0.650793650793651,0.862700228832952,0.9375,0.873655913978495,1,1,1.14366304566591
0.75,0.86283185840708,0.938461538461539,0.908108108108108,1,0.997830802603037,1.13279616633403
0.773584905660377,0.845637583892617,0.940677966101695,0.916230366492147,1,0.993630573248408,1.14338396226002
0.743589743589744,0.856832971800434,0.92741935483871,0.898936170212766,1,0.997802197802198,1.13287400367886
0.596774193548387,0.851598173515982,0.909090909090909,0.88974358974359,1,1,1.08512818424797
0.703703703703704,0.874439461883408,0.934579439252336,0.870229007633588,1,0.997835497835498,1.14922014280757
0.551724137931035,0.83710407239819,0.89622641509434,0.888324873096447,1,1,1.0690190531103
0.642857142857143,0.864864864864865,0.889908256880734,0.90537084398977,1,0.997854077253219,1.04923229832702
0.658536585365854,0.85838779956427,0.882882882882883,0.925449871465296,0.96875,0.997863247863248,1.03422090381466
0.740740740740741,0.847533632286996,0.921739130434783,0.909090909090909,1,0.995689655172414,1.12007783915121
0.619047619047619,0.84061135371179,0.929824561403509,0.89119170984456,1,0.997840172786177,1.12115080181285
0.627906976744186,0.827133479212254,0.922330097087379,0.881612090680101,1,0.995642701525055,1.1347719680481
0.789473684210526,0.852813852813853,0.91,0.915,1,1,1.11205737987544
0.615384615384615,0.84375,0.958762886597938,0.890818858560794,1,0.995726495726496,1.15107276322244
0.652173913043478,0.850220264317181,0.915094339622642,0.862944162436548,0.972222222222222,1,1.14357937380226
0.763636363636364,0.826966292134831,0.91588785046729,0.923664122137404,1,1,1.12083933978806
0.659090909090909,0.837719298245614,0.931034482758621,0.9296875,1,1,1.0949778798024
0.576923076923077,0.839285714285714,0.948717948717949,0.903394255874674,1,1,1.11974469227701
0.590909090909091,0.826754385964912,0.903508771929825,0.883419689119171,1,1,1.10194969644596
0.5625,0.83974358974359,0.918918918918919,0.902313624678663,1,0.995698924731183,1.0797439984974
0.6,0.815730337078652,0.926829268292683,0.888594164456233,1,0.997821350762527,1.13385071554449
0.756756756756757,0.8207343412527,0.911504424778761,0.935400516795866,1,0.997849462365591,1.10460587783148
0.76,0.837777777777778,0.868852459016394,0.902116402116402,1,1,1.08094264756282
0.680851063829787,0.834437086092715,0.859375,0.903225806451613,0.970588235294118,1,1.05297999047669
0.727272727272727,0.828947368421053,0.919354838709677,0.912234042553191,0.953488372093023,0.99781181619256,1.13157092888053
0.692307692307692,0.832589285714286,0.914529914529914,0.851174934725849,0.976744186046512,0.99343544857768,1.17868756416198
0.55,0.839130434782609,0.909090909090909,0.897097625329815,1,1,1.07281606349744
0.571428571428571,0.858093126385809,0.883495145631068,0.904282115869018,0.978723404255319,1,1.03176161317613
0.6875,0.798672566371681,0.923728813559322,0.903141361256545,0.978260869565217,1,1.15623442602671
0.59016393442623,0.886104783599089,0.909090909090909,0.899736147757256,1,0.997797356828194,1.04790537425841
0.682926829268293,0.827886710239651,0.898305084745763,0.887434554973822,1,1,1.11703695865523
0.529411764705882,0.837416481069042,0.895238095238095,0.891139240506329,1,0.995680345572354,1.05615763060767
0.672131147540984,0.851936218678816,0.922330097087379,0.884130982367758,1,0.993534482758621,1.12480192262537
0.72093023255814,0.814004376367615,0.923076923076923,0.904645476772616,1,0.99781181619256,1.14708648268513
0.705882352941177,0.875278396436526,0.966386554621849,0.881889763779528,1,0.997854077253219,1.17288020100541
0.64,0.871111111111111,0.928571428571429,0.903743315508021,1,0.997826086956522,1.08989853362567
0.574074074074074,0.858744394618834,0.923076923076923,0.890339425587467,1,1,1.08926160359768
0.644444444444445,0.848351648351648,0.958333333333333,0.9,0.967741935483871,0.995735607675906,1.14960321598744
0.653846153846154,0.841517857142857,0.905172413793103,0.90625,1,1,1.08612494443732
0.636363636363636,0.802247191011236,0.942148760330578,0.928759894459103,1,1,1.12798401614385
0.717391304347826,0.825991189427313,0.959349593495935,0.917771883289125,1,0.997867803837953,1.16427652213411
0.575757575757576,0.837259100642398,0.868852459016394,0.875661375661376,1,1,1.05689996251482
0.591836734693878,0.842572062084257,0.902654867256637,0.943152454780362,1,0.993449781659389,1.02477033934528
0.775,0.845652173913044,0.897959183673469,0.90547263681592,0.975,0.997826086956522,1.11228810926053
0.708333333333333,0.851769911504425,0.892561983471074,0.9155672823219,0.978723404255319,0.995584988962472,1.07083920576259
0.666666666666667,0.841870824053452,0.867256637168142,0.886304909560723,1,1,1.06652528999888
0.648148148148148,0.858744394618834,0.882882882882883,0.910025706940874,1,0.997792494481236,1.04204610209433
0.576271186440678,0.834467120181406,0.888888888888889,0.89030612244898,1,0.993449781659389,1.06397489613612
0.525423728813559,0.854875283446712,0.943396226415094,0.888324873096447,1,0.997830802603037,1.10310790730923
0.489795918367347,0.824833702882483,0.929292929292929,0.885286783042394,1,0.997821350762527,1.1016699183417
0.779661016949153,0.852607709750567,0.939130434782609,0.885714285714286,0.972222222222222,0.997844827586207,1.17915928248115
0.636363636363636,0.864035087719298,0.946428571428571,0.891752577319588,0.972222222222222,0.995689655172414,1.13045788371423
0.634615384615385,0.877232142857143,0.89344262295082,0.907407407407407,1,0.993534482758621,1.03869098249969
0.51219512195122,0.860566448801743,0.907692307692308,0.883783783783784,0.975,0.997826086956522,1.06215410593034
0.583333333333333,0.823008849557522,0.944954128440367,0.895140664961637,1,0.997835497835498,1.13753818903629
0.68,0.842222222222222,0.91743119266055,0.915601023017903,0.96551724137931,0.993630573248408,1.09900036188877
0.673076923076923,0.832589285714286,0.927272727272727,0.88974358974359,1,0.99562363238512,1.14015408133463
0.553846153846154,0.84367816091954,0.951612903225806,0.893617021276596,0.945945945945946,0.993520518358531,1.12898325012293
0.666666666666667,0.853982300884956,0.913461538461539,0.911616161616162,1,0.997849462365591,1.08373197766373
0.74468085106383,0.858719646799117,0.946236559139785,0.928746928746929,0.972222222222222,0.993534482758621,1.12258275881056
0.48936170212766,0.827814569536424,0.907563025210084,0.89238845144357,1,0.997821350762527,1.06571863498439
0.6,0.837777777777778,0.956896551724138,0.885416666666667,1,1,1.15754655080465
0.653061224489796,0.880266075388027,0.888888888888889,0.882506527415144,1,1,1.06498894398028
0.521739130434783,0.812775330396476,0.962962962962963,0.89030612244898,1,1,1.15584828610689
0.523809523809524,0.829694323144105,0.854545454545455,0.917948717948718,1,0.995642701525055,0.985211063876923
0.714285714285714,0.840354767184035,0.916666666666667,0.885204081632653,1,0.993464052287582,1.13762804414185
0.590909090909091,0.80921052631579,0.934579439252336,0.908396946564885,0.945945945945946,0.995680345572354,1.12975167256646
0.613636363636364,0.846491228070175,0.892307692307692,0.927027027027027,1,1,1.03531698258141
0.769230769230769,0.875,0.906542056074766,0.905852417302799,1,0.995726495726496,1.09455346834022
0.659090909090909,0.826754385964912,0.913461538461539,0.896464646464647,1,0.995771670190275,1.11666989447614
0.647058823529412,0.855233853006682,0.889908256880734,0.89769820971867,1,1,1.06595568531361
0.666666666666667,0.851769911504425,0.886956521739131,0.893506493506493,1,0.995594713656388,1.07281305790107
0.672727272727273,0.847191011235955,0.884615384615385,0.896464646464647,1,0.997876857749469,1.0729750828093
0.553571428571429,0.853603603603604,0.9140625,0.911290322580645,1,0.997858672376874,1.05365251653315
0.596153846153846,0.852678571428571,0.950819672131147,0.899470899470899,1,0.997816593886463,1.12102807650571
0.711111111111111,0.861538461538462,0.941176470588235,0.910761154855643,0.972972972972973,1,1.12814028228861
0.735849056603774,0.87248322147651,0.900763358778626,0.913279132791328,0.973684210526316,0.993506493506494,1.07560399823193
0.680851063829787,0.865342163355408,0.875,0.917525773195876,1,0.995680345572354,1.0292903854233
0.588235294117647,0.848552338530067,0.870689655172414,0.919270833333333,1,1,1.01008291152165
0.638297872340426,0.863134657836645,0.907407407407407,0.915816326530612,1,1,1.05936835144003
0.625,0.871794871794872,0.906542056074766,0.913486005089059,1,0.997858672376874,1.05030512312923
0.717391304347826,0.859030837004405,0.88785046728972,0.893129770992367,1,0.995661605206074,1.08344938786106
0.64,0.824444444444444,0.910891089108911,0.909774436090226,1,1,1.09729489341574
0.617647058823529,0.830472103004292,0.895652173913044,0.914285714285714,1,1,1.06416001523587
0.638888888888889,0.883620689655172,0.940594059405941,0.889724310776942,1,0.995726495726496,1.10841632891837
0.614035087719298,0.832957110609481,0.909090909090909,0.880299251870324,1,0.993392070484581,1.11086315533039
0.7,0.873333333333333,0.908333333333333,0.9,1,0.997840172786177,1.08583146127542
0.689655172413793,0.82579185520362,0.953271028037383,0.870229007633588,1,0.995661605206074,1.20482378918536
0.709090909090909,0.842696629213483,0.923728813559322,0.890052356020943,1,0.997797356828194,1.13938385714121
0.648148148148148,0.878923766816144,0.890756302521008,0.921259842519685,1,0.997835497835498,1.0265162165449
0.75,0.86036036036036,0.916030534351145,0.899728997289973,1,0.997844827586207,1.11810091298984
0.75609756097561,0.864923747276689,0.909090909090909,0.889182058047494,1,0.997840172786177,1.12006818809986
0.75,0.844298245614035,0.87037037037037,0.875,1,0.997802197802198,1.10377885599924
0.674418604651163,0.857768052516411,0.915254237288136,0.861256544502618,1,1,1.14215279855625
0.619047619047619,0.844978165938865,0.89344262295082,0.888888888888889,1,0.995798319327731,1.07673527324297
0.658536585365854,0.838779956427015,0.91743119266055,0.895140664961637,1,0.997835497835498,1.1147930986453
0.783783783783784,0.863930885529158,0.91743119266055,0.907928388746803,1,0.997854077253219,1.11758641367428
0.7,0.828888888888889,0.913978494623656,0.909090909090909,1,1,1.1154001551705
0.666666666666667,0.84698275862069,0.877358490566038,0.931472081218274,0.974358974358974,0.997830802603037,1.03093292125959
0.647058823529412,0.861915367483296,0.933333333333333,0.908860759493671,1,0.995633187772926,1.09726209662039
0.676923076923077,0.818390804597701,0.855932203389831,0.921465968586387,1,0.997858672376874,1.03468145784217
0.717948717948718,0.813449023861171,0.967741935483871,0.904255319148936,1,0.993464052287582,1.197535001583
0.644444444444445,0.859340659340659,0.918367346938776,0.91044776119403,1,0.993288590604027,1.07851992327685
0.604651162790698,0.866520787746171,0.904,0.92,1,0.997821350762527,1.03884491543929
0.64,0.824444444444444,0.93859649122807,0.914507772020725,0.966666666666667,1,1.12927419873597
0.590909090909091,0.842105263157895,0.946902654867257,0.89922480620155,1,0.997849462365591,1.1230644276111
0.641509433962264,0.870246085011186,0.914893617021277,0.884236453201971,1,1,1.09713405609883
0.702127659574468,0.836644591611479,0.959016393442623,0.907407407407407,0.961538461538461,1,1.17015340983416
0.673469387755102,0.829268292682927,0.965217391304348,0.916883116883117,0.966666666666667,1,1.16324944955721
0.72,0.846666666666667,0.901960784313725,0.884422110552764,1,0.995708154506438,1.11920796797124
0.695652173913044,0.852422907488987,0.867924528301887,0.931472081218274,1,0.995698924731183,1.02010917322904
0.5,0.869266055045872,0.861386138613861,0.907268170426065,1,1,0.973458361790193
0.555555555555556,0.868131868131868,0.912280701754386,0.901554404145078,0.941176470588235,1,1.06179283589757
0.666666666666667,0.876106194690266,0.955357142857143,0.889175257731959,1,0.995698924731183,1.13913799178157
0.666666666666667,0.838427947598253,0.924528301886792,0.918781725888325,1,0.997849462365591,1.09974078351088
0.5,0.831838565022422,0.920353982300885,0.870801033591731,1,1,1.10612647187372
0.790697674418605,0.855579868708972,0.927083333333333,0.888613861386139,1,1,1.15952466408575
0.666666666666667,0.835117773019272,0.912280701754386,0.880829015544041,0.975609756097561,0.997821350762527,1.13362767577362
0.678571428571429,0.808558558558559,0.89908256880734,0.915601023017903,1,1,1.09957983738845
0.509433962264151,0.861297539149888,0.928571428571429,0.912371134020619,1,0.993421052631579,1.04963797329645
0.60377358490566,0.870246085011186,0.9375,0.878865979381443,1,1,1.11870960289968
0.773584905660377,0.794183445190157,0.905172413793103,0.90625,1,0.995726495726496,1.15331843450721
0.660714285714286,0.853603603603604,0.930434782608696,0.903896103896104,1,1,1.11113366410584
0.622641509433962,0.845637583892617,0.916666666666667,0.913265306122449,1,0.997858672376874,1.07926541163364
0.659090909090909,0.857456140350877,0.864864864864865,0.917737789203085,1,0.993318485523385,1.01577003601699
0.68,0.844444444444445,0.894308943089431,0.896551724137931,1,0.995633187772926,1.08710172431476
0.666666666666667,0.847345132743363,0.938053097345133,0.881136950904393,1,1,1.15198804269188
0.627450980392157,0.873051224944321,0.922330097087379,0.924433249370277,1,1,1.05779777483095
0.66,0.873333333333333,0.915966386554622,0.889763779527559,1,0.997826086956522,1.09433708185447
0.64,0.846666666666667,0.936842105263158,0.888888888888889,0.974358974358974,0.993492407809111,1.13503622584249
0.553191489361702,0.85430463576159,0.851063829787234,0.908866995073892,1,0.997835497835498,0.983392286512888
0.761904761904762,0.85812356979405,0.883333333333333,0.886842105263158,1,0.997772828507795,1.09922998860088
0.617021276595745,0.860927152317881,0.867768595041322,0.891820580474934,1,0.995642701525055,1.03200803607661
0.617021276595745,0.827814569536424,0.892857142857143,0.876288659793815,1,0.993421052631579,1.10067079664126
0.634146341463415,0.827886710239651,0.883333333333333,0.91578947368421,1,0.997854077253219,1.0537448927599
0.586956521739131,0.848017621145375,0.864,0.906666666666667,1,0.997792494481236,1.0138700910463
0.588235294117647,0.870824053452116,0.927083333333333,0.891089108910891,1,1,1.0884812492367
0.74,0.882222222222222,0.873684210526316,0.898765432098766,0.948717948717949,0.997830802603037,1.05998566036144
0.701754385964912,0.846501128668172,0.895238095238095,0.875949367088608,1,0.997844827586207,1.11675936042809
0.615384615384615,0.86767895878525,0.953271028037383,0.908396946564885,1,0.99781181619256,1.10865804241138
0.673913043478261,0.837004405286344,0.901515151515152,0.899456521739131,1,1,1.09813146210648
0.686274509803922,0.824053452115813,0.942857142857143,0.881012658227848,1,1,1.18184427879626
0.534883720930233,0.862144420131291,0.921052631578947,0.867875647668394,1,0.99780701754386,1.09672042655076
0.58,0.842222222222222,0.958333333333333,0.9,1,1,1.13343133184813
0.694915254237288,0.870748299319728,0.959016393442623,0.91005291005291,1,0.997816593886463,1.13307232218688
0.73469387755102,0.822616407982262,0.859649122807018,0.867875647668394,1,0.997881355932203,1.11084262983315
0.69811320754717,0.845637583892617,0.954954954954955,0.925449871465296,1,0.995670995670996,1.12966209540433
0.615384615384615,0.852494577006508,0.877551020408163,0.898009950248756,1,0.997826086956522,1.04327651485688
0.729166666666667,0.836283185840708,0.915254237288136,0.884816753926702,1,0.99781181619256,1.1460369056426
0.627450980392157,0.866369710467706,0.912698412698413,0.898395721925134,1,0.993406593406593,1.07512957757157
0.754385964912281,0.853273137697517,0.929133858267716,0.906166219839142,1,1,1.13355656331768
0.679245283018868,0.845637583892617,0.957264957264957,0.91644908616188,0.96875,1,1.14364677489111
0.617021276595745,0.883002207505519,0.923664122137404,0.880758807588076,1,0.995726495726496,1.09295489625495
0.630434782608696,0.854625550660793,0.919354838709677,0.904255319148936,1,0.99780701754386,1.08773301672438
0.593220338983051,0.843537414965986,0.904,0.893333333333333,1,0.995633187772926,1.07793219956222
0.636363636363636,0.842105263157895,0.911504424778761,0.906976744186047,0.975609756097561,1,1.09092726830539
0.725,0.830434782608696,0.935779816513761,0.884910485933504,1,0.995689655172414,1.17254993835591
0.574468085106383,0.85430463576159,0.92,0.922666666666667,1,0.997835497835498,1.0540827028758
0.714285714285714,0.855855855855856,0.883928571428571,0.90979381443299,0.98,1,1.06769852949837
0.587301587301587,0.816933638443936,0.877049180327869,0.923280423280423,1,0.997821350762527,1.03306535641972
0.673469387755102,0.866962305986696,0.929203539823009,0.914728682170543,1,1,1.09218759022993
0.68421052631579,0.826185101580136,0.880952380952381,0.875,1,1,1.11202676614698
0.627450980392157,0.853006681514477,0.875,0.902631578947368,1,0.997835497835498,1.03863544339039
0.65,0.870454545454546,0.920353982300885,0.922480620155039,1,0.997858672376874,1.06443947673987
0.644444444444445,0.843956043956044,0.909090909090909,0.882051282051282,1,1,1.1128116802588
0.68421052631579,0.880361173814898,0.944954128440367,0.884910485933504,1,1,1.13582997277338
0.574074074074074,0.84304932735426,0.897196261682243,0.880407124681934,1,0.997835497835498,1.07985005996536
0.692307692307692,0.848156182212581,0.910714285714286,0.920103092783505,0.972222222222222,0.997844827586207,1.08683565320978
0.673076923076923,0.857142857142857,0.907216494845361,0.895781637717122,1,0.995789473684211,1.09197896026928
0.547619047619048,0.842794759825327,0.90990990990991,0.892030848329049,1,0.99780701754386,1.0748665465133
0.711111111111111,0.837362637362637,0.94,0.895,1,1,1.15860438769472
0.66,0.837777777777778,0.87962962962963,0.908163265306122,1,0.997792494481236,1.05780547975447
0.565217391304348,0.859030837004405,0.915966386554622,0.889763779527559,1,0.989082969432314,1.07366073012297
0.7,0.830434782608696,0.92741935483871,0.896276595744681,1,1,1.1444463229865
0.686274509803922,0.859688195991091,0.898305084745763,0.892670157068063,1,0.997840172786177,1.08788986622138
0.711864406779661,0.836734693877551,0.920634920634921,0.911764705882353,1,0.993710691823899,1.11467394888994
0.709677419354839,0.840182648401827,0.859649122807018,0.880829015544041,1,0.997872340425532,1.07597358921193
0.58,0.842222222222222,0.9,0.92,1,0.995680345572354,1.04273242272983
0.64,0.86,0.907216494845361,0.898263027295285,0.980392156862745,0.997772828507795,1.0818562469966
0.560606060606061,0.857142857142857,0.90990990990991,0.917737789203085,1,0.997830802603037,1.04192916857032
0.638297872340426,0.867549668874172,0.918181818181818,0.88974358974359,1,0.995633187772926,1.09389595417894
0.642857142857143,0.816593886462882,0.95,0.907894736842105,1,1,1.15189501263251
0.612244897959184,0.847006651884701,0.903225806451613,0.901595744680851,0.977272727272727,0.99780701754386,1.07553432359361
0.711111111111111,0.83956043956044,0.958677685950413,0.902374670184697,0.967741935483871,0.997867803837953,1.17386153740298
0.5625,0.88716814159292,0.938053097345133,0.914728682170543,1,0.997826086956522,1.05711605078026
0.645833333333333,0.814159292035398,0.88495575221239,0.855297157622739,0.975,0.997826086956522,1.14075906743375
0.681818181818182,0.846491228070175,0.922413793103448,0.888020833333333,1,0.997797356828194,1.12950819654659
0.614035087719298,0.880361173814898,0.932038834951456,0.906801007556675,0.972222222222222,0.997844827586207,1.08105976205902
0.731707317073171,0.849673202614379,0.91304347826087,0.901298701298701,1,0.997872340425532,1.11559369784957
0.659090909090909,0.859649122807018,0.934579439252336,0.898218829516539,1,1,1.11728628281608
0.796296296296296,0.845291479820628,0.930232558139535,0.876010781671159,1,0.995698924731183,1.1854098878807
0.625,0.865217391304348,0.956521739130435,0.875,0.979166666666667,0.995575221238938,1.15603123633693
0.627450980392157,0.839643652561247,0.922480620155039,0.900269541778976,0.96969696969697,1,1.11112817846673
0.653061224489796,0.849223946784922,0.862745098039216,0.902010050251256,1,0.993576017130621,1.03289796874048
0.714285714285714,0.849099099099099,0.932773109243698,0.910761154855643,1,1,1.12453544628284
0.666666666666667,0.846867749419954,0.96,0.8975,0.96969696969697,0.993576017130621,1.16037086030268
0.63265306122449,0.880266075388027,0.923076923076923,0.926892950391645,1,0.997835497835498,1.05183011576028
0.694444444444445,0.810344827586207,0.947826086956522,0.888311688311688,0.972222222222222,0.997844827586207,1.19544022723653
0.672727272727273,0.833707865168539,0.930232558139535,0.900966183574879,1,1,1.13216430532736
0.560975609756098,0.851851851851852,0.951456310679612,0.909319899244332,1,1,1.10285039452183
0.654545454545455,0.844943820224719,0.892156862745098,0.914572864321608,1,0.997854077253219,1.05915789686537
0.585365853658537,0.856209150326797,0.925,0.897368421052632,1,0.997863247863248,1.08788821397848
0.611111111111111,0.844827586206897,0.919642857142857,0.902061855670103,1,0.997835497835498,1.09197261788646
0.69811320754717,0.859060402684564,0.87719298245614,0.886010362694301,1,0.997830802603037,1.07423776248355
0.693877551020408,0.851441241685144,0.897196261682243,0.908396946564885,1,1,1.07885499293617
0.770833333333333,0.856194690265487,0.936936936936937,0.89974293059126,0.971428571428571,0.997849462365591,1.15526738612921
0.65625,0.864678899082569,0.897196261682243,0.903307888040712,1,1,1.06452238935256
0.540540540540541,0.857451403887689,0.950980392156863,0.912060301507538,1,0.993520518358531,1.08666355222026
0.702127659574468,0.838852097130243,0.933884297520661,0.894459102902375,1,0.995680345572354,1.14611218399623
0.607142857142857,0.828828828828829,0.853448275862069,0.901041666666667,1,0.995594713656388,1.02480341121556
0.711538461538462,0.854910714285714,0.926605504587156,0.915601023017903,1,1,1.10728181567808
0.523809523809524,0.829694323144105,0.931372549019608,0.909547738693467,1,0.995717344753747,1.08270138430915
0.595744680851064,0.82560706401766,0.916030534351145,0.883468834688347,1,0.995670995670996,1.11694036185273
0.612244897959184,0.858093126385809,0.958333333333333,0.923684210526316,1,0.997787610619469,1.10399638823108
0.588235294117647,0.819599109131403,0.898305084745763,0.879581151832461,1,0.995680345572354,1.10239801367955
0.612244897959184,0.847006651884701,0.890756302521008,0.913385826771654,1,1,1.04659061397159
0.475,0.854347826086957,0.909836065573771,0.91005291005291,1,1,1.02873084818748
0.568965517241379,0.852941176470588,0.95959595959596,0.905236907730673,1,0.997881355932203,1.11704462569863
0.62,0.857777777777778,0.921875,0.908602150537634,1,0.991397849462366,1.07787978277892
0.634146341463415,0.854030501089325,0.888,0.898666666666667,1,1,1.0599365560187
0.703703703703704,0.84304932735426,0.885245901639344,0.928571428571429,1,0.997872340425532,1.05184609838853
0.627906976744186,0.833698030634573,0.868852459016394,0.878306878306878,0.975609756097561,1,1.07546154094633
0.782608695652174,0.83920704845815,0.917525773195876,0.873449131513648,1,0.997802197802198,1.17532092315013
0.617021276595745,0.821192052980132,0.932038834951456,0.906801007556675,1,0.997858672376874,1.12011887559239
0.637931034482759,0.861990950226245,0.929824561403509,0.914507772020725,1,0.995575221238938,1.08472752969884
0.666666666666667,0.878318584070797,0.962616822429906,0.89058524173028,0.972972972972973,0.995680345572354,1.14818439703699
0.666666666666667,0.868131868131868,0.88135593220339,0.926701570680628,1,1,1.02365937197914
0.714285714285714,0.831485587583149,0.955357142857143,0.90979381443299,0.962264150943396,1,1.17041985021108
0.775,0.856521739130435,0.897435897435897,0.911227154046997,1,0.997835497835498,1.0940790939801
0.653061224489796,0.855875831485588,0.941176470588235,0.860892388451444,1,0.997844827586207,1.16780082053556
0.695652173913044,0.852422907488987,0.962264150943396,0.883248730964467,0.972972972972973,1,1.18648305195107
0.563636363636364,0.844943820224719,0.94017094017094,0.903394255874674,1,0.997849462365591,1.10089517749317
0.703125,0.850917431192661,0.914893617021277,0.911330049261084,0.972972972972973,0.997840172786177,1.10187084194584
0.555555555555556,0.827354260089686,0.919642857142857,0.927835051546392,1,0.995717344753747,1.06047160581324
0.563636363636364,0.856179775280899,0.911504424778761,0.89922480620155,1,1,1.06525630292909
0.619047619047619,0.836244541484716,0.918918918918919,0.892030848329049,1,0.997872340425532,1.11062704767301
0.650793650793651,0.860411899313501,0.899159663865546,0.900262467191601,1,1,1.07138745028021
0.714285714285714,0.847161572052402,0.902654867256637,0.89922480620155,0.976190476190476,0.993449781659389,1.10406879002741
0.596774193548387,0.863013698630137,0.9,0.91,1,0.995661605206074,1.04353454431085
0.636363636363636,0.844943820224719,0.904,0.890666666666667,0.970588235294118,0.997854077253219,1.09753483621425
0.693877551020408,0.866962305986696,0.916666666666667,0.931122448979592,0.978260869565217,0.997797356828194,1.06884363736034
0.672413793103448,0.83710407239819,0.934959349593496,0.909814323607427,0.977777777777778,0.993406593406593,1.12513015619586
0.644444444444445,0.837362637362637,0.935185185185185,0.892857142857143,0.973684210526316,0.997835497835498,1.13918058997385
0.625,0.849557522123894,0.944444444444444,0.872448979591837,1,1,1.15599372168132
0.583333333333333,0.873893805309734,0.952380952380952,0.885026737967914,0.976744186046512,0.99781181619256,1.12306211764163
0.666666666666667,0.877729257641921,0.898148148148148,0.913265306122449,1,1,1.04947449282248
0.653061224489796,0.864745011086475,0.91304347826087,0.901298701298701,1,1,1.08385675545178
0.538461538461538,0.84375,0.919354838709677,0.914893617021277,0.977777777777778,0.997802197802198,1.06172951715534
0.576923076923077,0.870535714285714,0.934959349593496,0.904509283819629,1,0.99562363238512,1.07830160403007
0.75,0.835585585585586,0.914893617021277,0.891625615763547,0.967741935483871,0.997867803837953,1.14912472035563
0.622222222222222,0.830769230769231,0.921259842519685,0.887399463806971,1,0.997844827586207,1.12359033006666
0.659090909090909,0.831140350877193,0.929203539823009,0.925064599483204,1,0.997777777777778,1.10139735610787
0.740740740740741,0.852017937219731,0.931034482758621,0.877604166666667,1,0.997787610619469,1.16430340352612
0.705882352941177,0.815144766146993,0.948275862068965,0.877604166666667,1,1,1.20557947231959
0.68,0.88,0.930434782608696,0.906493506493506,0.975609756097561,0.997821350762527,1.09739971482382
0.755555555555556,0.854945054945055,0.89908256880734,0.900255754475703,0.976190476190476,0.997816593886463,1.10692596138445
0.542372881355932,0.859410430839002,0.946428571428571,0.90979381443299,1,0.997840172786177,1.08505254857929
0.857142857142857,0.831485587583149,0.871794871794872,0.885117493472585,1,1,1.13575513906541
0.64,0.844444444444445,0.886363636363636,0.902173913043478,1,0.99789029535865,1.06167271516863
0.725490196078431,0.859688195991091,0.933884297520661,0.91820580474934,1,1,1.11319758613442
0.666666666666667,0.815144766146993,0.924528301886792,0.895939086294416,0.977272727272727,0.99780701754386,1.14580281127832
0.760869565217391,0.843612334801762,0.950819672131147,0.902116402116402,1,0.997885835095137,1.17120604535745
0.642857142857143,0.837837837837838,0.894230769230769,0.883838383838384,1,0.997867803837953,1.09618712213475
0.586956521739131,0.843612334801762,0.91588785046729,0.910941475826972,1,0.995680345572354,1.07124721336413
0.68,0.864444444444444,0.924242424242424,0.891304347826087,1,1,1.11530500902922
0.65,0.843478260869565,0.889908256880734,0.910485933503836,1,0.997792494481236,1.06052069589973
0.638888888888889,0.84051724137931,0.91743119266055,0.91304347826087,1,1,1.08953669948234
0.638297872340426,0.860927152317881,0.896551724137931,0.895833333333333,1,0.997802197802198,1.06813478323097
0.557692307692308,0.810267857142857,0.933884297520661,0.894459102902375,1,0.995735607675906,1.12633956434105
0.681818181818182,0.842105263157895,0.910569105691057,0.89920424403183,1,0.995670995670996,1.105380101574
0.608695652173913,0.834801762114538,0.887931034482759,0.875,1,0.99780701754386,1.09079608214585
0.603448275862069,0.819004524886878,0.953271028037383,0.908396946564885,1,1,1.14209038599931
0.710526315789474,0.822510822510823,0.920634920634921,0.919786096256684,1,1,1.11895701445878
0.510204081632653,0.866962305986696,0.872727272727273,0.917948717948718,1,0.997826086956522,0.979564902336408
0.755102040816326,0.835920177383592,0.91304347826087,0.906493506493506,1,1,1.1275870827535
0.704918032786885,0.849658314350797,0.891089108910891,0.909774436090226,1,0.997830802603037,1.07368508707492
0.695652173913044,0.83920704845815,0.901785714285714,0.894329896907217,1,0.997840172786177,1.10759451568892
0.642857142857143,0.849099099099099,0.883495145631068,0.891687657430731,1,1,1.06795676552822
0.725490196078431,0.826280623608018,0.896825396825397,0.858288770053476,1,0.995771670190275,1.16091682455027
0.576923076923077,0.875,0.9375,0.903225806451613,1,1,1.08149958904699
0.595744680851064,0.821192052980132,0.963636363636364,0.887179487179487,1,0.997858672376874,1.1741184220512
0.545454545454545,0.839912280701755,0.927927927927928,0.912596401028278,0.976190476190476,0.997816593886463,1.07883764521972
0.711538461538462,0.850446428571429,0.877358490566038,0.878172588832487,1,0.997797356828194,1.09293777050161
0.627450980392157,0.841870824053452,0.92156862745098,0.886934673366834,1,1,1.11876179496219
0.727272727272727,0.887640449438202,0.904347826086956,0.890909090909091,1,0.995661605206074,1.08738463339441
0.755555555555556,0.821978021978022,0.907407407407407,0.89030612244898,1,1,1.15011148172198
0.675,0.843478260869565,0.912280701754386,0.922279792746114,1,1,1.08182014209764
0.833333333333333,0.814655172413793,0.908256880733945,0.892583120204604,1,0.995689655172414,1.17440401873698
0.655737704918033,0.847380410022779,0.912698412698413,0.89572192513369,1,0.995689655172414,1.10048195648294
0.829787234042553,0.856512141280353,0.860869565217391,0.901298701298701,1,0.997863247863248,1.07794112960626
0.6,0.853932584269663,0.901515151515152,0.866847826086957,1,0.997881355932203,1.09951481891607
0.630434782608696,0.814977973568282,0.962962962962963,0.895408163265306,0.972222222222222,1,1.18380572991045
0.666666666666667,0.865044247787611,0.907216494845361,0.885856079404467,1,1,1.09729310480744
0.709090909090909,0.856179775280899,0.945652173913043,0.887254901960784,1,0.997849462365591,1.15806984739081
0.596491228070175,0.853273137697517,0.952,0.925333333333333,0.947368421052632,1,1.10275744021451
0.625,0.842920353982301,0.840336134453782,0.910761154855643,1,1,0.997512209535723
0.68,0.848888888888889,0.945945945945946,0.904884318766067,0.977272727272727,0.99780701754386,1.13901025672206
0.5,0.845814977973568,0.936936936936937,0.886889460154242,1,0.997830802603037,1.09646647556918
0.681818181818182,0.846491228070175,0.88,0.9,1,0.993576017130621,1.06488126138566
0.701754385964912,0.830699774266366,0.945945945945946,0.904884318766067,1,0.997826086956522,1.1554725771229
0.577777777777778,0.857142857142857,0.951219512195122,0.925729442970822,1,1,1.08612608051114
0.584905660377359,0.874720357941835,0.898148148148148,0.895408163265306,1,1,1.04705440486404
0.789473684210526,0.866817155756208,0.922413793103448,0.924479166666667,0.96969696969697,0.997858672376874,1.10935101893164
0.63265306122449,0.858093126385809,0.922413793103448,0.885416666666667,0.971428571428571,0.997849462365591,1.11409784441351
0.825,0.869565217391304,0.947826086956522,0.909090909090909,0.977272727272727,0.99780701754386,1.1613547772164
0.659574468085106,0.856512141280353,0.965811965811966,0.887728459530026,1,1,1.16790321381293
0.591836734693878,0.860310421286031,0.918032786885246,0.923280423280423,1,0.995717344753747,1.05101327427052
0.555555555555556,0.871853546910755,0.962264150943396,0.898477157360406,1,0.995680345572354,1.10901848722012
0.673469387755102,0.851441241685144,0.920353982300885,0.912144702842377,1,0.997840172786177,1.09471948124851
0.625,0.853982300884956,0.879032258064516,0.909574468085106,1,0.99780701754386,1.03487657461948
0.647058823529412,0.853006681514477,0.918181818181818,0.894871794871795,1,1,1.10338797596001
0.584905660377359,0.805369127516778,0.872727272727273,0.88974358974359,1,1,1.07192371299554
0.5,0.821266968325792,0.9,0.907692307692308,1,0.995798319327731,1.04727859999564
0.709677419354839,0.828767123287671,0.914529914529914,0.908616187989556,0.96551724137931,0.997876857749469,1.12342593523821
0.630434782608696,0.874449339207049,0.903846153846154,0.909090909090909,1,1,1.05238842481052
0.68421052631579,0.824675324675325,0.915094339622642,0.903553299492386,1,0.995744680851064,1.11935626084174
0.744186046511628,0.840262582056893,0.891472868217054,0.913746630727763,1,0.997792494481236,1.08744366338886
0.666666666666667,0.847533632286996,0.933962264150943,0.890862944162437,1,1,1.13587093075836
0.673469387755102,0.831485587583149,0.950413223140496,0.905013192612137,1,0.997830802603037,1.15193127139951
0.63265306122449,0.831485587583149,0.922480620155039,0.897574123989218,1,0.99343544857768,1.11381487793573
0.666666666666667,0.821826280623608,0.89622641509434,0.890862944162437,1,0.99364406779661,1.10730311420603
0.537037037037037,0.838565022421525,0.914529914529914,0.932114882506527,1,0.99780701754386,1.03860607540939
0.707317073170732,0.854030501089325,0.935779816513761,0.907928388746803,1,1,1.12556561538259
0.651162790697675,0.844638949671773,0.867256637168142,0.881136950904393,0.973684210526316,0.997835497835498,1.06855440842839
0.695652173913044,0.863436123348018,0.928571428571429,0.898009950248756,1,1,1.11806585578614
0.644444444444445,0.848351648351648,0.946969696969697,0.894021739130435,1,0.993603411513859,1.13732694032
0.652173913043478,0.850220264317181,0.932038834951456,0.894206549118388,1,1,1.1237476982641
0.75,0.854347826086957,0.880733944954129,0.874680306905371,1,1,1.11010581322533
0.653846153846154,0.848214285714286,0.877049180327869,0.902116402116402,1,1,1.05321276446633
0.619047619047619,0.84061135371179,0.949152542372881,0.897905759162304,0.974358974358974,1,1.14114466534259
0.613636363636364,0.850877192982456,0.924528301886792,0.921319796954315,1,0.997830802603037,1.07367960161137
0.603448275862069,0.82579185520362,0.91588785046729,0.885496183206107,1,0.997854077253219,1.11767862130991
0.633333333333333,0.859090909090909,0.922330097087379,0.886649874055416,1,1,1.10893732436902
0.709090909090909,0.860674157303371,0.956521739130435,0.890909090909091,1,1,1.16421175446464
0.595744680851064,0.818984547461369,0.932692307692308,0.901515151515152,1,0.995670995670996,1.12128052102609
0.681818181818182,0.868421052631579,0.916666666666667,0.888586956521739,1,1,1.10712687849326
0.63265306122449,0.860310421286031,0.906542056074766,0.900763358778626,1,0.995698924731183,1.07232668857994
0.619047619047619,0.844978165938865,0.918518518518519,0.906849315068493,1,0.997835497835498,1.08765391964375
0.755555555555556,0.841758241758242,0.923076923076923,0.898172323759791,0.951219512195122,1,1.15164709860075
0.64,0.864444444444444,0.933333333333333,0.91578947368421,1,0.997816593886463,1.08727969496847
0.60377358490566,0.821029082774049,0.929203539823009,0.881136950904393,1,0.997821350762527,1.14239369148634
0.547619047619048,0.838427947598253,0.904347826086956,0.924675324675325,1,1,1.03851069271868
0.672727272727273,0.876404494382023,0.925,0.902631578947368,1,1,1.0933735010305
0.727272727272727,0.896929824561403,0.923076923076923,0.892950391644909,1,1,1.1020528901476
0.652173913043478,0.861233480176212,0.914529914529914,0.921671018276762,0.970588235294118,0.993562231759657,1.06775539881124
0.708333333333333,0.865044247787611,0.9,0.894871794871795,1,1,1.09091736696048
0.568627450980392,0.870824053452116,0.929203539823009,0.904392764857881,1,0.997830802603037,1.07041948553509
0.666666666666667,0.875,0.911504424778761,0.881136950904393,1,0.99562363238512,1.09809375386561
0.75,0.838362068965517,0.916666666666667,0.894736842105263,0.975609756097561,0.995642701525055,1.14320661392068
0.673469387755102,0.864745011086475,0.895238095238095,0.888607594936709,1,1,1.08252751966765
0.571428571428571,0.858093126385809,0.910891089108911,0.907268170426065,1,0.997849462365591,1.05605203025248
0.75,0.84009009009009,0.916666666666667,0.908163265306122,0.980769230769231,0.997767857142857,1.12712610517386
0.609756097560976,0.81917211328976,0.929292929292929,0.890274314214464,0.974358974358974,1,1.14007179846448
0.530612244897959,0.847006651884701,0.91304347826087,0.877922077922078,1,1,1.08705783422404
0.519230769230769,0.888392857142857,0.963302752293578,0.902813299232737,0.970588235294118,1,1.09022599202243
0.565217391304348,0.79295154185022,0.939130434782609,0.937662337662338,0.977777777777778,0.995604395604396,1.1025150460209
0.6875,0.831858407079646,0.957627118644068,0.882198952879581,1,0.99780701754386,1.19100652249102
0.612244897959184,0.855875831485588,0.93859649122807,0.922279792746114,1,0.997835497835498,1.08477828535848
0.527272727272727,0.847191011235955,0.973684210526316,0.89119170984456,1,0.997863247863248,1.1415632315407
0.653061224489796,0.889135254988914,0.870689655172414,0.901041666666667,1,0.995661605206074,1.01751934816699
0.509090909090909,0.851685393258427,0.914529914529914,0.89556135770235,1,0.993548387096774,1.05733841824109
0.864864864864865,0.859611231101512,0.851485148514852,0.912280701754386,1,0.997881355932203,1.06335120085528
0.6875,0.823008849557522,0.926829268292683,0.870026525198939,1,0.997867803837953,1.17582665947111
0.653846153846154,0.848214285714286,0.925,0.905263157894737,0.975,0.995652173913044,1.10686889897408
0.689655172413793,0.843891402714932,0.88785046728972,0.898218829516539,1,0.997849462365591,1.08198053423628
0.673076923076923,0.825892857142857,0.892156862745098,0.912060301507538,1,1,1.08130101636895
0.659090909090909,0.833333333333333,0.946808510638298,0.899014778325123,1,0.997844827586207,1.14910778751015
0.654545454545455,0.858426966292135,0.954545454545455,0.892307692307692,1,1,1.14663524623352
0.627906976744186,0.88183807439825,0.931034482758621,0.90625,1,0.99781181619256,1.07929363203662
0.69811320754717,0.83668903803132,0.919642857142857,0.920103092783505,1,0.995717344753747,1.10167562959769
0.673913043478261,0.854625550660793,0.913461538461539,0.901515151515152,0.970588235294118,0.995708154506438,1.09931163401884
0.622222222222222,0.837362637362637,0.929824561403509,0.906735751295337,1,0.997816593886463,1.10720490947641
0.74468085106383,0.847682119205298,0.883333333333333,0.868421052631579,1,0.995661605206074,1.12153432871325
0.647058823529412,0.844097995545657,0.930693069306931,0.907268170426065,1,0.997816593886463,1.10973016265708
0.56,0.833333333333333,0.91743119266055,0.902813299232737,1,0.993562231759657,1.08028885053494
0.722222222222222,0.845291479820628,0.897637795275591,0.916890080428954,0.977777777777778,0.997802197802198,1.08476805980146
0.652173913043478,0.850220264317181,0.914529914529914,0.879895561357702,1,0.997782705099778,1.11810325550844
0.697674418604651,0.829321663019694,0.933333333333333,0.905263157894737,1,1,1.14130588797821
0.58,0.88,0.942307692307692,0.924242424242424,1,1,1.06278212333357
0.673469387755102,0.840354767184035,0.923076923076923,0.894594594594595,1,0.995670995670996,1.12401250712299
0.581818181818182,0.856179775280899,0.90625,0.913978494623656,1,0.997858672376874,1.04807564965658
0.648148148148148,0.858744394618834,0.908163265306122,0.907960199004975,1,1,1.07407621160541
0.573770491803279,0.838268792710706,0.908163265306122,0.883084577114428,0.973684210526316,1,1.09836547508149
0.692307692307692,0.852678571428571,0.943396226415094,0.918781725888325,0.970588235294118,1,1.12347633107174
0.581395348837209,0.859956236323851,0.899159663865546,0.900262467191601,1,0.997737556561086,1.05125245149132
0.531914893617021,0.894039735099338,0.944444444444444,0.86096256684492,1,0.995680345572354,1.10664622553632
0.615384615384615,0.841648590021692,0.945945945945946,0.938303341902314,1,0.995762711864407,1.0860827589997
0.641025641025641,0.824295010845987,0.905172413793103,0.895833333333333,0.980769230769231,0.991071428571429,1.10475593263235
0.666666666666667,0.835117773019272,0.903846153846154,0.914141414141414,1,0.993362831858407,1.0811148259387
0.581395348837209,0.853391684901532,0.9375,0.904639175257732,0.972222222222222,0.995689655172414,1.09840476106161
0.657894736842105,0.872294372294372,0.938053097345133,0.883720930232558,0.96875,0.991452991452991,1.12804406599846
0.64,0.864444444444444,0.894736842105263,0.874074074074074,1,1,1.08836240084388
0.488372093023256,0.853391684901532,0.918181818181818,0.88974358974359,1,1,1.06371639190446
0.735849056603774,0.843400447427293,0.927927927927928,0.881748071979435,1,0.997849462365591,1.16109038961618
0.68,0.826666666666667,0.911504424778761,0.89922480620155,1,0.99780701754386,1.11834287448918
0.618181818181818,0.833707865168539,0.893805309734513,0.922480620155039,1,1,1.05145390486273
0.688888888888889,0.830769230769231,0.926829268292683,0.915119363395226,1,1,1.11915732994171
0.60377358490566,0.859060402684564,0.898148148148148,0.872448979591837,1,0.995698924731183,1.085566974352
0.596153846153846,0.834821428571429,0.853448275862069,0.877604166666667,1,0.995744680851064,1.04198652925658
0.653846153846154,0.850446428571429,0.942622950819672,0.888888888888889,1,0.997840172786177,1.14131664367964
0.659090909090909,0.837719298245614,0.950413223140496,0.899736147757256,1,0.997867803837953,1.14918423282133
0.573770491803279,0.82004555808656,0.918367346938776,0.902985074626866,1,1,1.09784508952134
0.60377358490566,0.854586129753915,0.932773109243698,0.905511811023622,1,0.997858672376874,1.09443102359725
0.731707317073171,0.827886710239651,0.964912280701754,0.878238341968912,1,0.995689655172414,1.21949825650264
0.72093023255814,0.868708971553611,0.9,0.910526315789474,1,0.995661605206074,1.07331777260151
0.702127659574468,0.82560706401766,0.946969696969697,0.915760869565217,0.973684210526316,0.995670995670996,1.15097783600195
0.641509433962264,0.843400447427293,0.908256880733945,0.902813299232737,1,1,1.08857983981002
0.634146341463415,0.849673202614379,0.910714285714286,0.871134020618557,0.976744186046512,1,1.12334475407927
0.711111111111111,0.850549450549451,0.895652173913044,0.888311688311688,1,0.993520518358531,1.10100964075843
0.596491228070175,0.832957110609481,0.895161290322581,0.914893617021277,1,0.993464052287582,1.05225158688299
0.682926829268293,0.827886710239651,0.905172413793103,0.888020833333333,1,1,1.12455221785519
